Treatments,Time,S01,S02,S03,S04,S05,S06,S07,S08,S09,S10,S11,S12,S13,S14,S15,S16,S17,S18,S19,S20,S21,S22,S23,S24,S25,S26,S27,S28,S29,S30,R01,R02,R03,R04,R05,R06,R07,R08,R09,R10,R11,R12,R13,R14,R15
W0001,0,0.1,0.1,0.1,0.1,0.1,0.1,0.1,0.1,0.1,0.1,0.1,0.1,0.1,0.1,0.1,0.1,0.1,0.1,0.1,0.1,0.1,0.1,0.1,0.1,0.1,0.1,0.1,0.1,0.1,0.1,35.0,0.0,0.0,0.0,0.0,0.0,0.0,0.0,0.0,0.0,0.0,0.0,0.0,0.0,0.0
W0001,1,0.4151610250486069,0.1814743696219865,0.2775188701421471,1.0898498914387045,0.5095762241730224,0.2306565620595448,0.8069472760953296,0.13194129498024,0.6746336624287643,0.2753939587835075,0.2042590050999453,0.2261485758359535,0.9076749748861652,0.1449093821482474,0.3119494018788042,0.2782869591866614,0.1901258426701104,0.7854273595461899,0.8363546085015702,0.3448420139414245,0.3831535820000826,0.3293016823796933,0.223468236074946,0.4126182772962303,0.3306323457978618,0.2355967631009218,0.4755823041891452,0.6009838867045071,0.6597157175542774,0.243218851973452,1.392619235059156,1.77269932748941,2.310466253877718,0.8796527747021988,1.3486494048244626,1.2616074659020922,1.3845841343105834,1.6059267564346509,0.8862620383927211,0.0036617908408063,0.5472752215767034,2.0251407884206207,2.761229202313257,1.506870270361066,2.01362850810806
W0001,2,0.4802703609075293,0.2606164544754394,0.3977944379797282,0.899787802292457,0.5114743035057969,0.2479250185197369,0.6713753475206199,0.1521635878354289,0.5477785039710916,0.3137392433712012,0.257975581207051,0.3791105703466948,0.7279450369629406,0.1247668025267809,0.2302078248572288,0.4891968209605076,1.187552968010782,0.3038098611349411,1.2827791214841353,0.3890173924724083,0.4004896559966893,0.2115490938417939,0.542768104792457,0.3003374368959777,0.1544906675911413,0.208153997861085,0.5156626818790242,0.5038838711925148,1.0494415004079247,0.2370956037800186,-0.0807809193367998,0.707994692222214,2.126742444351569,1.7716904915126328,1.1687659238250818,1.1357907942728165,0.5958696952215075,1.3705994789178146,0.240317693176215,0.6682659820690562,0.3713720087818043,0.7921254770365271,2.562133228409191,3.986983447551864,2.9037472336321395
W0001,3,0.3807440969128262,0.1448994340501778,0.3409565586683469,0.6951520093545305,0.4591066496375673,0.1988064566663855,1.3232579156873387,0.2594269121875206,0.5197241578947251,0.1858854008347506,0.1821938305121872,0.1957944197546381,0.346753445764038,0.0842812167897486,0.1959831920304375,0.4803290873998365,0.9689315614428672,0.3265710402840671,0.9173451175487608,0.3406477029943693,0.2049870856515773,0.3020437064062639,0.4223860588586113,0.3129805919510044,0.3982649270264344,0.1308508598553355,0.3457335010560716,0.5709357153482174,1.2813872414539318,0.1395027940224465,-0.2563952157624813,0.3973647115720731,0.1511895445772073,-0.3702306303440796,1.2999194566870644,0.2810290473708702,-0.2246113977416547,0.5627171285367882,0.4175071061201999,0.2351853709999179,-0.2415794537081456,1.1010445611046058,3.926965308205687,2.380045264101427,3.718156349306269
W0001,4,0.3502130661332386,0.1166313709911137,0.2747730719575901,0.836249952960008,0.3134543885786492,0.1518020615546023,0.5670605174600827,0.1428558887118605,0.2665141764230257,0.1162003607607542,0.0695120194291778,0.0911249101224212,0.5124798357908306,0.0937668921334531,0.1502913504014086,0.3800483055664136,0.8476614481435063,0.217311982219449,0.7995721248047643,0.2018789857198239,0.2617117186833759,0.2560717375189845,0.3358685684474222,0.0730941265944483,0.1529079110965937,0.1777483870929159,0.2875433427715899,0.1261735226875273,1.1364672032252985,0.1576502221824273,-0.5160527034536685,0.7102335607062238,-0.4522375625906847,0.18859595630064,-0.3342284058284186,-0.1758643900297332,-0.3073814522201178,0.1877112548125638,0.3481170817156758,-0.267699012909897,-0.2271551772677695,-0.5253431504689228,3.736738842820665,2.9075131636677023,3.072191636475779
W0001,5,0.2157499828487047,0.1775573666687094,0.1466597984801686,0.6463597242315866,0.5323396538688983,0.0590802000575168,0.616592356979173,0.1937498482703289,0.2993640231975256,0.1260404258155976,0.0290201713160555,0.0992006833904797,0.4234416537519073,0.0842798011725871,0.1317501077427403,0.3758576730811386,0.6255709790894823,0.2838735443988184,0.5922668852045948,0.1025692264385984,0.1566014686878853,0.1443394432437781,0.1665811506396765,0.1220764360703425,0.243998377665099,0.1014288272965049,0.2051304814071396,0.25914205650973,0.5709902940991192,0.0754002113224658,0.2613734374742213,-0.278228563472893,-0.3098794640403439,-0.1212155648342868,0.28640967684379,0.2582461197012324,0.1069158660208237,0.1049427867446928,0.8856102585624669,0.2022740328264942,0.0716003822405893,0.3400586412278501,2.9549130073034053,2.088341159890166,3.873670849187296
W0001,6,0.2884175130044368,0.1272416171347601,0.1087879629747708,0.478199423723294,0.121058888082466,0.053324635593195,0.4604544793997202,0.0684565726555261,0.1436955082087372,0.1542315314373364,0.0416322154496274,0.0978622830634881,0.3797641268244027,0.0643638139613541,0.0420874533009895,0.0537397178667229,0.4744630084977645,0.1383493765771168,0.6368021575006955,0.1605818201186144,0.0921661432898406,0.106289075153209,0.2015488845609713,0.0866160675035048,0.1102430687147895,0.0543881678435103,0.1511747852681433,0.1167433897210011,0.4009285677131112,0.0105217653027449,-0.0468605290893003,0.4001947974341258,-0.0033667012347513,0.1588988898925527,0.4322758501749923,0.660072161417239,-0.1824670322556492,0.0155675112337508,0.611118458133282,0.3494788686155617,0.1447718804560966,0.1686423991566795,2.942477844204693,3.3000508632419074,4.548177020366955
W0002,0,3.0,0.0,0.0,0.0,0.0,0.0,0.0,0.0,0.0,0.0,0.0,0.0,0.0,0.0,0.0,0.0,0.0,0.0,0.0,0.0,0.0,0.0,0.0,0.0,0.0,0.0,0.0,0.0,0.0,0.0,35.0,0.0,0.0,0.0,0.0,0.0,0.0,0.0,0.0,0.0,0.0,0.0,0.0,0.0,0.0
W0002,1,13.80230648996154,0.0,0.0,0.0,0.0,0.0,0.0,0.0,0.0,0.0,0.0,0.0,0.0,0.0,0.0,0.0,0.0,0.0,0.0,0.0,0.0,0.0,0.0,0.0,0.0,0.0,0.0,0.0,0.0,0.0,1.0386227731716682,1.821463159388564,7.619650737826842,3.6933628099782414,0.3331989672979935,0.9652581076076794,1.2035552371823632,1.4730773193019289,0.309902340534267,0.1868420566317654,-0.2262329928245391,0.6815654609581494,0.1659097939904892,0.2682405303733313,3.421997394744668
W0002,2,6.262161644320003,0.0,0.0,0.0,0.0,0.0,0.0,0.0,0.0,0.0,0.0,0.0,0.0,0.0,0.0,0.0,0.0,0.0,0.0,0.0,0.0,0.0,0.0,0.0,0.0,0.0,0.0,0.0,0.0,0.0,-0.7184831484880635,0.4807052049773674,6.132222994199843,3.310494413740649,0.7874431392044993,0.4947581151863092,-0.0808422160421764,0.9817984824544812,-0.3655071125890894,0.5722005484984184,0.6878579274253818,-0.6334815265300097,0.2231908694965017,1.8666507671601549,6.370689289023637
W0002,3,10.376485942555982,0.0,0.0,0.0,0.0,0.0,0.0,0.0,0.0,0.0,0.0,0.0,0.0,0.0,0.0,0.0,0.0,0.0,0.0,0.0,0.0,0.0,0.0,0.0,0.0,0.0,0.0,0.0,0.0,0.0,-0.4729819615901952,-0.3017658200437835,5.907587738851247,0.9554159592591208,-0.049295085057366,0.345086634092078,0.2693538825620764,1.699756499703494,0.2487217153561675,0.6877497269213277,0.5766380892353629,0.8194187501823105,0.8611506744370026,1.0267739061724006,3.5088135316857287
W0002,4,6.247521330289058,0.0,0.0,0.0,0.0,0.0,0.0,0.0,0.0,0.0,0.0,0.0,0.0,0.0,0.0,0.0,0.0,0.0,0.0,0.0,0.0,0.0,0.0,0.0,0.0,0.0,0.0,0.0,0.0,0.0,0.4478596199054537,0.2320535204676954,5.1975218303004445,2.415360310375552,-0.4341324673096775,-0.2482352937429341,0.0336022175498199,3.0141610639230576,0.7109991833530602,0.8254942489551287,-0.0667256628813623,-0.0238701535679694,0.0485092443353377,0.676434299163554,3.9964208843881295
W0002,5,5.062863301593881,0.0,0.0,0.0,0.0,0.0,0.0,0.0,0.0,0.0,0.0,0.0,0.0,0.0,0.0,0.0,0.0,0.0,0.0,0.0,0.0,0.0,0.0,0.0,0.0,0.0,0.0,0.0,0.0,0.0,-0.3312106665291289,0.1064325704701888,0.835864853987446,2.1486396251579043,0.9164389900622376,0.2941427679830894,0.2142114691928952,2.463198902030714,-0.0801917019466134,1.5354767500204944,0.7298851434532453,0.6234492334339682,-0.3478555529251723,1.1112747152633913,5.645652359653073
W0002,6,3.753604985519345,0.0,0.0,0.0,0.0,0.0,0.0,0.0,0.0,0.0,0.0,0.0,0.0,0.0,0.0,0.0,0.0,0.0,0.0,0.0,0.0,0.0,0.0,0.0,0.0,0.0,0.0,0.0,0.0,0.0,0.0002142893690648,0.9459423231594026,6.748234633969645,1.2442853628096229,0.2236959938342787,0.0382878118502966,1.0034394008612155,1.77591167528325,0.0069704794870701,0.3182767052671821,-0.2768428605723418,0.6615193327080242,1.0224647258925277,0.4879801645310627,5.332328660280503
W0003,0,0.0,3.0,0.0,0.0,0.0,0.0,0.0,0.0,0.0,0.0,0.0,0.0,0.0,0.0,0.0,0.0,0.0,0.0,0.0,0.0,0.0,0.0,0.0,0.0,0.0,0.0,0.0,0.0,0.0,0.0,35.0,0.0,0.0,0.0,0.0,0.0,0.0,0.0,0.0,0.0,0.0,0.0,0.0,0.0,0.0
W0003,1,0.0,9.02654020232781,0.0,0.0,0.0,0.0,0.0,0.0,0.0,0.0,0.0,0.0,0.0,0.0,0.0,0.0,0.0,0.0,0.0,0.0,0.0,0.0,0.0,0.0,0.0,0.0,0.0,0.0,0.0,0.0,14.22186505299927,0.0366712281662753,1.466159389070904,2.367179517222829,0.8598355039181473,0.5709225082953815,0.8744825838957384,0.0702703825064381,0.1316802290809257,0.8611562997434661,0.5748791135912514,5.719061229192402,0.963699334553833,0.8398109183988607,2.203381784020093
W0003,2,0.0,6.025882564922903,0.0,0.0,0.0,0.0,0.0,0.0,0.0,0.0,0.0,0.0,0.0,0.0,0.0,0.0,0.0,0.0,0.0,0.0,0.0,0.0,0.0,0.0,0.0,0.0,0.0,0.0,0.0,0.0,1.8208366272443173,0.0384305385062714,1.5262613216374352,3.1236113449037357,-0.2221559612360099,0.173958938842006,3.118994393501595,-0.26811133618847,-0.0969771926025797,2.8781862274877583,0.5101750090366374,8.012535016724012,-0.4162917254042958,0.5426276507158486,3.276850368393672
W0003,3,0.0,9.065918188189192,0.0,0.0,0.0,0.0,0.0,0.0,0.0,0.0,0.0,0.0,0.0,0.0,0.0,0.0,0.0,0.0,0.0,0.0,0.0,0.0,0.0,0.0,0.0,0.0,0.0,0.0,0.0,0.0,0.8497132105842624,-0.1422238289186574,-0.0607853014108436,3.115959280148449,-0.029779324341483,-0.0255989772839601,2.827617254438466,0.279162215572736,-0.0552607347223906,3.1218231541537067,0.6501509289106333,6.533459693092329,0.642762027334425,0.9791663141670152,2.349384382048536
W0003,4,0.0,6.152264005025865,0.0,0.0,0.0,0.0,0.0,0.0,0.0,0.0,0.0,0.0,0.0,0.0,0.0,0.0,0.0,0.0,0.0,0.0,0.0,0.0,0.0,0.0,0.0,0.0,0.0,0.0,0.0,0.0,0.337513959277886,-0.3271764085798531,0.6304259886856861,3.004779962119477,-0.5200343515204501,0.087130074660014,3.7319492287753584,0.4619365164340607,0.913576217577176,4.339721363444008,0.7230802574165037,8.703856914057068,0.46044494002476,0.8488951457053633,2.203163269228587
W0003,5,0.0,4.320976952282687,0.0,0.0,0.0,0.0,0.0,0.0,0.0,0.0,0.0,0.0,0.0,0.0,0.0,0.0,0.0,0.0,0.0,0.0,0.0,0.0,0.0,0.0,0.0,0.0,0.0,0.0,0.0,0.0,0.370219632274735,-0.2311588270637359,0.4676473590543071,3.610782974771187,-0.3871470024320531,-0.7983034586157708,3.3553225456359765,-0.1029670139339988,-0.2703029185012187,2.639562413441748,0.8689910118673991,7.612604467473895,0.2141813661220652,1.0729361619251154,2.421465718994824
W0003,6,0.0,2.6348138438251034,0.0,0.0,0.0,0.0,0.0,0.0,0.0,0.0,0.0,0.0,0.0,0.0,0.0,0.0,0.0,0.0,0.0,0.0,0.0,0.0,0.0,0.0,0.0,0.0,0.0,0.0,0.0,0.0,0.0940571596154846,0.3218276337055485,-0.0067904681477647,3.084204668056002,-0.07821681411192,0.4597022712451272,3.491393877743105,-0.2650069673009323,-0.4330402835174352,2.436823399657011,1.269842201186555,8.469332462555483,0.305035376248328,1.4272866725589388,3.479711253318394
W0004,0,0.0,0.0,3.0,0.0,0.0,0.0,0.0,0.0,0.0,0.0,0.0,0.0,0.0,0.0,0.0,0.0,0.0,0.0,0.0,0.0,0.0,0.0,0.0,0.0,0.0,0.0,0.0,0.0,0.0,0.0,35.0,0.0,0.0,0.0,0.0,0.0,0.0,0.0,0.0,0.0,0.0,0.0,0.0,0.0,0.0
W0004,1,0.0,0.0,15.145124712617186,0.0,0.0,0.0,0.0,0.0,0.0,0.0,0.0,0.0,0.0,0.0,0.0,0.0,0.0,0.0,0.0,0.0,0.0,0.0,0.0,0.0,0.0,0.0,0.0,0.0,0.0,0.0,6.488857675214673,3.7659994348662074,0.1224151283522305,0.0710445139198876,-0.3405630870387785,1.0029620229290817,5.157437160538222,0.4406789954226454,0.1367614472950518,1.5402158104662187,0.7110033769201244,-0.750914324381305,0.3667630600022001,0.4489530710591599,5.163781858350004
W0004,2,0.0,0.0,14.219243867517404,0.0,0.0,0.0,0.0,0.0,0.0,0.0,0.0,0.0,0.0,0.0,0.0,0.0,0.0,0.0,0.0,0.0,0.0,0.0,0.0,0.0,0.0,0.0,0.0,0.0,0.0,0.0,-0.1275064246351707,2.169593940041521,-0.4247847328823101,0.6093844921734407,0.939237018044234,0.5152046879415912,1.90519241440856,0.5459590957689098,-0.0241605687074982,1.972855468025236,1.2280519144200763,0.2939181676905056,0.7086453557688699,1.2420608015262582,4.957770787295115
W0004,3,0.0,0.0,13.407150311647168,0.0,0.0,0.0,0.0,0.0,0.0,0.0,0.0,0.0,0.0,0.0,0.0,0.0,0.0,0.0,0.0,0.0,0.0,0.0,0.0,0.0,0.0,0.0,0.0,0.0,0.0,0.0,-0.0157981590701021,0.9967930927658532,-0.5879918477973112,-0.4938241947739514,2.476794097523148,1.0633443330354615,1.016809943626268,-0.1818466166946581,-0.2574807141626267,1.9792785801700057,1.5731983269103431,-0.229161200511815,0.9202546188151116,0.171696222566469,3.97979328258204
W0004,4,0.0,0.0,11.691402321323595,0.0,0.0,0.0,0.0,0.0,0.0,0.0,0.0,0.0,0.0,0.0,0.0,0.0,0.0,0.0,0.0,0.0,0.0,0.0,0.0,0.0,0.0,0.0,0.0,0.0,0.0,0.0,0.4617909853713523,-0.1675416200313217,0.7442975872955758,0.0270514340592187,2.6287802426642037,0.4669607829975649,0.4346185879213561,-0.1102282342109031,0.0531820480852457,1.9476934011978668,1.2825749721881965,0.6521776923096514,1.3289546156852048,0.2325499100449131,6.063280318652288
W0004,5,0.0,0.0,5.97919478708738,0.0,0.0,0.0,0.0,0.0,0.0,0.0,0.0,0.0,0.0,0.0,0.0,0.0,0.0,0.0,0.0,0.0,0.0,0.0,0.0,0.0,0.0,0.0,0.0,0.0,0.0,0.0,0.2307404494424806,0.5212972389995979,-0.563627112633139,-0.2427593222607545,2.1535880929087448,0.1080963532585299,-0.0120877687022688,-0.2365225388590578,0.2376821178851622,2.08362872682401,0.5380078733289642,0.5942935785619504,0.6121259693390952,0.4194557010458749,5.759528951869866
W0004,6,0.0,0.0,5.4102012923844764,0.0,0.0,0.0,0.0,0.0,0.0,0.0,0.0,0.0,0.0,0.0,0.0,0.0,0.0,0.0,0.0,0.0,0.0,0.0,0.0,0.0,0.0,0.0,0.0,0.0,0.0,0.0,0.2739798528737444,0.1398145202279735,0.6059340685511585,0.1842937392657103,2.0975259448131665,0.3310342771543427,0.258462363895392,0.1169601628642506,0.7870199536823531,2.278853436897168,0.8203328873406435,-0.1306376801710626,1.250434433350271,0.387648754471619,10.390999958021157
W0005,0,0.0,0.0,0.0,3.0,0.0,0.0,0.0,0.0,0.0,0.0,0.0,0.0,0.0,0.0,0.0,0.0,0.0,0.0,0.0,0.0,0.0,0.0,0.0,0.0,0.0,0.0,0.0,0.0,0.0,0.0,35.0,0.0,0.0,0.0,0.0,0.0,0.0,0.0,0.0,0.0,0.0,0.0,0.0,0.0,0.0
W0005,1,0.0,0.0,0.0,15.499086133779327,0.0,0.0,0.0,0.0,0.0,0.0,0.0,0.0,0.0,0.0,0.0,0.0,0.0,0.0,0.0,0.0,0.0,0.0,0.0,0.0,0.0,0.0,0.0,0.0,0.0,0.0,-0.0442921221887324,1.3038974070367102,1.031249606650947,0.4655948471879833,1.084623370315589,0.3794344278008581,0.803623203726259,0.8694693476687217,0.287588924339087,0.1089783983462028,3.038499334305122,0.2079684910324553,1.8139193952152592,5.197239824929444,-0.1178824648721419
W0005,2,0.0,0.0,0.0,19.387680116981077,0.0,0.0,0.0,0.0,0.0,0.0,0.0,0.0,0.0,0.0,0.0,0.0,0.0,0.0,0.0,0.0,0.0,0.0,0.0,0.0,0.0,0.0,0.0,0.0,0.0,0.0,-0.5499215963606696,-0.1279377182636796,1.1764451109635057,0.6703766982701276,0.9099550505903924,0.6953117690010906,1.0881262808188528,0.8401817718975634,0.5654907261143955,-0.473188539680165,3.7116737657765952,0.1505436597848453,2.4494867035590797,2.610845593416605,1.1858132495680436
W0005,3,0.0,0.0,0.0,12.279871956016793,0.0,0.0,0.0,0.0,0.0,0.0,0.0,0.0,0.0,0.0,0.0,0.0,0.0,0.0,0.0,0.0,0.0,0.0,0.0,0.0,0.0,0.0,0.0,0.0,0.0,0.0,0.1912708003195955,0.0478962085974169,0.1395517247373513,0.1166638690761142,0.6544318788697363,0.0378676070750738,0.6129961077778402,0.2172306070124441,0.6517157661939852,0.281805260543892,2.342726161758751,0.6574695270402038,2.117319698482267,2.0101246353462967,1.5516617226318754
W0005,4,0.0,0.0,0.0,11.143042913227852,0.0,0.0,0.0,0.0,0.0,0.0,0.0,0.0,0.0,0.0,0.0,0.0,0.0,0.0,0.0,0.0,0.0,0.0,0.0,0.0,0.0,0.0,0.0,0.0,0.0,0.0,0.1416541410082645,0.4051492746347027,0.7011595571503426,-0.2725293687168142,-0.7167273460977467,-0.0566159020771778,0.6849869449090717,-0.2762509433855299,0.5502643662719988,0.1261135594285101,4.444657599760484,0.4001403317539725,1.7873879735986975,1.0265985425708883,0.8180088495375695
W0005,5,0.0,0.0,0.0,2.12597276966792,0.0,0.0,0.0,0.0,0.0,0.0,0.0,0.0,0.0,0.0,0.0,0.0,0.0,0.0,0.0,0.0,0.0,0.0,0.0,0.0,0.0,0.0,0.0,0.0,0.0,0.0,0.0899494389677488,0.2049339549178112,0.346333402438169,-0.0887352120615129,-0.2319000064684789,0.0567789210633712,0.2134811826597878,-0.5171925610507755,0.4488204011625358,-0.403592425941243,4.9745534019149495,1.0137933082990838,2.504833516631281,0.0927807083906093,1.6903305736531755
W0005,6,0.0,0.0,0.0,4.522948187147045,0.0,0.0,0.0,0.0,0.0,0.0,0.0,0.0,0.0,0.0,0.0,0.0,0.0,0.0,0.0,0.0,0.0,0.0,0.0,0.0,0.0,0.0,0.0,0.0,0.0,0.0,0.1564262865896434,1.025920690263666,0.1288039551294536,-0.3917168625327919,-0.6877054930348351,0.1280898988957482,-0.0644837324968015,-0.1783880600122759,0.5849119064276258,-0.1101816555425516,5.024557657323464,0.3091655775112468,3.494177967986481,0.20603118917315,2.7885049636293964
W0006,0,0.0,0.0,0.0,0.0,3.0,0.0,0.0,0.0,0.0,0.0,0.0,0.0,0.0,0.0,0.0,0.0,0.0,0.0,0.0,0.0,0.0,0.0,0.0,0.0,0.0,0.0,0.0,0.0,0.0,0.0,35.0,0.0,0.0,0.0,0.0,0.0,0.0,0.0,0.0,0.0,0.0,0.0,0.0,0.0,0.0
W0006,1,0.0,0.0,0.0,0.0,14.908287604383116,0.0,0.0,0.0,0.0,0.0,0.0,0.0,0.0,0.0,0.0,0.0,0.0,0.0,0.0,0.0,0.0,0.0,0.0,0.0,0.0,0.0,0.0,0.0,0.0,0.0,2.261101559232154,4.286991568079449,1.3451449467848409,-0.1572569383981121,0.1585020356348057,-0.2693948877171451,0.8514694154633469,2.15848126847307,2.562225637453062,3.2979781436129803,1.416275980110215,0.0361621520289746,0.0432855751353549,1.1526874136453005,2.839384594361137
W0006,2,0.0,0.0,0.0,0.0,16.180950136338538,0.0,0.0,0.0,0.0,0.0,0.0,0.0,0.0,0.0,0.0,0.0,0.0,0.0,0.0,0.0,0.0,0.0,0.0,0.0,0.0,0.0,0.0,0.0,0.0,0.0,0.0632203726979767,0.3762906978914266,-0.0752030110998458,-0.8098184895134058,-0.0766890097162536,-0.1202779167361024,0.885004195995458,0.5884090059212315,3.8656779288953,2.567580279355545,1.721657405472481,1.3198413228024557,0.5898377516331869,2.1028445194740164,5.995317579898079
W0006,3,0.0,0.0,0.0,0.0,9.1725049711135,0.0,0.0,0.0,0.0,0.0,0.0,0.0,0.0,0.0,0.0,0.0,0.0,0.0,0.0,0.0,0.0,0.0,0.0,0.0,0.0,0.0,0.0,0.0,0.0,0.0,0.5244488120280825,-0.2190009368284135,0.2884255750345469,0.4447762294747759,0.3992821690258538,-0.1136607989510579,0.2323648607283668,0.8439863275801511,1.239670342826784,1.495049794655751,2.550040022376992,1.72043428931263,0.4186473346518668,2.827267855451739,4.210537689066611
W0006,4,0.0,0.0,0.0,0.0,7.549269326415185,0.0,0.0,0.0,0.0,0.0,0.0,0.0,0.0,0.0,0.0,0.0,0.0,0.0,0.0,0.0,0.0,0.0,0.0,0.0,0.0,0.0,0.0,0.0,0.0,0.0,-0.2904786374219067,-0.3436178400854941,-0.3026915885186699,-0.0607089118157385,0.6526535509503749,-0.1637112748261568,0.9409355231885074,-0.7861380675507059,3.40569934245779,0.3829899860445375,3.2163308469685825,1.797711719459775,1.2544515893583386,2.2072071308542487,2.1967274788635067
W0006,5,0.0,0.0,0.0,0.0,3.781725705813333,0.0,0.0,0.0,0.0,0.0,0.0,0.0,0.0,0.0,0.0,0.0,0.0,0.0,0.0,0.0,0.0,0.0,0.0,0.0,0.0,0.0,0.0,0.0,0.0,0.0,0.1058679440941992,0.1570414434082803,0.7048244063521801,-0.3716117702516025,0.7622510273244075,-0.4622642449016362,0.1163226748544327,0.1695531290084495,2.9600924382679854,1.7228561136176506,0.5141840246622631,1.4985984747138548,0.191704344119573,2.240586259311612,6.20693792523916
W0006,6,0.0,0.0,0.0,0.0,4.206885475497361,0.0,0.0,0.0,0.0,0.0,0.0,0.0,0.0,0.0,0.0,0.0,0.0,0.0,0.0,0.0,0.0,0.0,0.0,0.0,0.0,0.0,0.0,0.0,0.0,0.0,-0.1333576599773253,0.1322301704759891,-0.2278991233885989,0.0705280702067562,-0.085349928107337,0.2913312515887019,0.1711852981072525,-0.2950102505170455,3.014161900393081,0.9457275668500345,2.631040598320374,0.4939827759016764,1.0670449896550656,2.1154987610938907,4.939315066340916
W0007,0,0.0,0.0,0.0,0.0,0.0,3.0,0.0,0.0,0.0,0.0,0.0,0.0,0.0,0.0,0.0,0.0,0.0,0.0,0.0,0.0,0.0,0.0,0.0,0.0,0.0,0.0,0.0,0.0,0.0,0.0,35.0,0.0,0.0,0.0,0.0,0.0,0.0,0.0,0.0,0.0,0.0,0.0,0.0,0.0,0.0
W0007,1,0.0,0.0,0.0,0.0,0.0,9.92028426099094,0.0,0.0,0.0,0.0,0.0,0.0,0.0,0.0,0.0,0.0,0.0,0.0,0.0,0.0,0.0,0.0,0.0,0.0,0.0,0.0,0.0,0.0,0.0,0.0,23.530987198139197,-0.2372265874609341,0.4389311819803339,0.2379334363105665,0.1816614998463228,-0.3260347502759369,1.8645861939965371,-0.0807431734176564,-0.8357947975111192,-0.4154942691906249,0.4001821741367514,2.5023715854722166,-0.0171040292304189,0.3196518975179366,2.66391890562353
W0007,2,0.0,0.0,0.0,0.0,0.0,8.32448586283411,0.0,0.0,0.0,0.0,0.0,0.0,0.0,0.0,0.0,0.0,0.0,0.0,0.0,0.0,0.0,0.0,0.0,0.0,0.0,0.0,0.0,0.0,0.0,0.0,7.133824033330295,0.1706063065504709,1.719985156154989,0.4495333093601552,0.4741033787449929,0.1886428059442854,2.5862989718335827,0.40489190419024,0.292935073778427,0.1376460786806984,-0.0319274140075215,5.549318791961821,0.3196296744624547,0.7972727367935607,5.923244068581313
W0007,3,0.0,0.0,0.0,0.0,0.0,7.602962405302279,0.0,0.0,0.0,0.0,0.0,0.0,0.0,0.0,0.0,0.0,0.0,0.0,0.0,0.0,0.0,0.0,0.0,0.0,0.0,0.0,0.0,0.0,0.0,0.0,5.315871148699334,0.3146329859881198,0.2342853305421261,-0.136229837440368,0.7152906027570681,0.6902229329193156,4.912909298725359,-0.5252029218320347,0.3990406846217041,-0.1653550308296763,0.2460882873131383,3.6653710719283823,0.0759962228812285,2.802506772612189,5.221981294647975
W0007,4,0.0,0.0,0.0,0.0,0.0,4.260806211518819,0.0,0.0,0.0,0.0,0.0,0.0,0.0,0.0,0.0,0.0,0.0,0.0,0.0,0.0,0.0,0.0,0.0,0.0,0.0,0.0,0.0,0.0,0.0,0.0,2.234705363512812,0.7976937302621567,0.1278760908815545,0.5199316857449214,0.2038593930826154,0.2875916754073924,2.983145149355117,0.3559958197265008,-0.524116206625041,0.2829934678593137,0.4534074456716556,7.0723944268452055,0.1012923390914074,2.9093480286149536,6.323672913830229
W0007,5,0.0,0.0,0.0,0.0,0.0,5.289285360367327,0.0,0.0,0.0,0.0,0.0,0.0,0.0,0.0,0.0,0.0,0.0,0.0,0.0,0.0,0.0,0.0,0.0,0.0,0.0,0.0,0.0,0.0,0.0,0.0,0.8234060467103742,0.681695939668469,1.0972625739377844,0.1952054192789451,0.2735989867579881,-1.2105490993479195,6.629462144304922,0.1486487129001469,1.1113942505534653,-0.456050805088547,0.2151663692846253,8.549856589772824,0.5143781461439503,2.143155842140141,9.42221499523594
W0007,6,0.0,0.0,0.0,0.0,0.0,5.02420401903965,0.0,0.0,0.0,0.0,0.0,0.0,0.0,0.0,0.0,0.0,0.0,0.0,0.0,0.0,0.0,0.0,0.0,0.0,0.0,0.0,0.0,0.0,0.0,0.0,1.5245674926080517,-0.7681267322631515,0.112089445422628,0.3245945599484551,0.0742472954507987,0.2119702235361225,4.641571111721053,0.6585243759480397,-0.4766707793286825,0.5409988732160935,0.6061515899231824,7.426586606970517,0.8228295668334257,2.2794148638265286,7.213726137483051
W0008,0,0.0,0.0,0.0,0.0,0.0,0.0,3.0,0.0,0.0,0.0,0.0,0.0,0.0,0.0,0.0,0.0,0.0,0.0,0.0,0.0,0.0,0.0,0.0,0.0,0.0,0.0,0.0,0.0,0.0,0.0,35.0,0.0,0.0,0.0,0.0,0.0,0.0,0.0,0.0,0.0,0.0,0.0,0.0,0.0,0.0
W0008,1,0.0,0.0,0.0,0.0,0.0,0.0,12.313479089284382,0.0,0.0,0.0,0.0,0.0,0.0,0.0,0.0,0.0,0.0,0.0,0.0,0.0,0.0,0.0,0.0,0.0,0.0,0.0,0.0,0.0,0.0,0.0,-0.4856609176640259,2.424527461839132,0.6905876427177499,2.989014127520685,1.4991754177223924,0.920802523813988,-0.3256813237992673,1.0229142772877906,-0.410848149733316,-0.0077978260350844,-0.4369779882691323,0.2553258066605918,-0.0632077819097941,4.934625135559842,3.638304608179407
W0008,2,0.0,0.0,0.0,0.0,0.0,0.0,15.47222243705901,0.0,0.0,0.0,0.0,0.0,0.0,0.0,0.0,0.0,0.0,0.0,0.0,0.0,0.0,0.0,0.0,0.0,0.0,0.0,0.0,0.0,0.0,0.0,0.2171936866623535,1.0435139719941888,0.128863318235499,0.7489325148688027,0.8429735697284577,0.0586921580996959,0.7598860866039236,0.4382109394195608,0.0017910370951346,0.1728631360785816,1.557491588894413,1.40061796942106,1.1340206715599332,5.483009927490079,1.5826535732836466
W0008,3,0.0,0.0,0.0,0.0,0.0,0.0,8.617037486855645,0.0,0.0,0.0,0.0,0.0,0.0,0.0,0.0,0.0,0.0,0.0,0.0,0.0,0.0,0.0,0.0,0.0,0.0,0.0,0.0,0.0,0.0,0.0,-0.04563030381815,1.0822114702824135,-0.0102864870959715,-0.1602675761659072,0.3323976714351019,0.2185476856343778,0.0236099810837644,-0.295588641963703,1.322507871900249,0.2665344170848142,0.7696584156114268,1.884411853241149,2.5502561393359744,6.162868371315395,3.454020953624463
W0008,4,0.0,0.0,0.0,0.0,0.0,0.0,7.810343246382069,0.0,0.0,0.0,0.0,0.0,0.0,0.0,0.0,0.0,0.0,0.0,0.0,0.0,0.0,0.0,0.0,0.0,0.0,0.0,0.0,0.0,0.0,0.0,0.3472348168295424,-0.5130404407547323,-0.3712770454579176,0.5293796752747892,0.2520862481904727,0.5229590376986276,0.2078765581869419,-0.0991394965641256,0.7060510171336205,-0.203141742418116,0.9827954868956288,0.989194996260072,1.562897344772254,6.446897711294129,3.834103543293303
W0008,5,0.0,0.0,0.0,0.0,0.0,0.0,6.6117397221734455,0.0,0.0,0.0,0.0,0.0,0.0,0.0,0.0,0.0,0.0,0.0,0.0,0.0,0.0,0.0,0.0,0.0,0.0,0.0,0.0,0.0,0.0,0.0,-0.1458934712633167,0.0162125402172238,-0.3893533280119453,0.3430919530431419,0.7096774318043977,-0.0180684251549349,0.2726225529943517,0.0725878859702961,0.1603869380827179,0.3051341990223989,0.6690435586539711,1.831946953246714,0.8973402282838525,4.458555708087505,2.4374117934559005
W0008,6,0.0,0.0,0.0,0.0,0.0,0.0,2.771052349403371,0.0,0.0,0.0,0.0,0.0,0.0,0.0,0.0,0.0,0.0,0.0,0.0,0.0,0.0,0.0,0.0,0.0,0.0,0.0,0.0,0.0,0.0,0.0,-0.0939633893487854,0.285658946956932,-0.4644945838155521,0.9060228434667866,0.4115008262494044,0.0308141177629362,0.2419389960178408,0.2026933778370112,-0.172095391861088,-0.5349294295451016,1.2813956562489228,1.5341015113121257,1.7704240994987084,3.1389068803154765,4.601115059762023
W0009,0,0.0,0.0,0.0,0.0,0.0,0.0,0.0,3.0,0.0,0.0,0.0,0.0,0.0,0.0,0.0,0.0,0.0,0.0,0.0,0.0,0.0,0.0,0.0,0.0,0.0,0.0,0.0,0.0,0.0,0.0,35.0,0.0,0.0,0.0,0.0,0.0,0.0,0.0,0.0,0.0,0.0,0.0,0.0,0.0,0.0
W0009,1,0.0,0.0,0.0,0.0,0.0,0.0,0.0,9.5519644770704,0.0,0.0,0.0,0.0,0.0,0.0,0.0,0.0,0.0,0.0,0.0,0.0,0.0,0.0,0.0,0.0,0.0,0.0,0.0,0.0,0.0,0.0,19.83404241182939,2.89560347418657,0.802852141421466,1.1980611075332332,0.0144667173569379,0.5332756617863235,0.2973836267436847,1.2130662280452642,0.5419378014954878,0.605712636724643,0.517363581037296,1.6458495516756455,0.163710313119995,1.2023717670385166,0.3247335766106474
W0009,2,0.0,0.0,0.0,0.0,0.0,0.0,0.0,17.14092241555541,0.0,0.0,0.0,0.0,0.0,0.0,0.0,0.0,0.0,0.0,0.0,0.0,0.0,0.0,0.0,0.0,0.0,0.0,0.0,0.0,0.0,0.0,6.484477838730692,3.584758367765513,0.0609956794288245,0.6267119226957016,0.2475145253717384,0.4465010757041114,0.5768883281012462,1.3332627217077384,1.8897718486936728,0.8181154377976207,1.7037917659157005,2.8731374533865908,-0.0778130455768655,1.9033170554174128,-0.0667506760032383
W0009,3,0.0,0.0,0.0,0.0,0.0,0.0,0.0,9.139151677406826,0.0,0.0,0.0,0.0,0.0,0.0,0.0,0.0,0.0,0.0,0.0,0.0,0.0,0.0,0.0,0.0,0.0,0.0,0.0,0.0,0.0,0.0,2.421655121290217,1.7384151001257622,0.8124586670918356,-0.1517619991138984,0.2110916951427172,0.9615389293866052,1.021312576013906,1.1758990477983051,2.522524776048871,0.7543883472256818,1.6059423506073114,3.851792306085205,0.066402123718722,2.4365932313157965,0.2752715430537851
W0009,4,0.0,0.0,0.0,0.0,0.0,0.0,0.0,7.716935087738429,0.0,0.0,0.0,0.0,0.0,0.0,0.0,0.0,0.0,0.0,0.0,0.0,0.0,0.0,0.0,0.0,0.0,0.0,0.0,0.0,0.0,0.0,0.9899612757633438,2.24655827494217,-0.028262653763693,0.3239264738944264,0.1686055445884321,0.3718744893638182,2.202387602097938,0.1570020148667067,2.685892823532328,-0.010465897212291,1.4951325837670724,3.769917418395516,0.1991111985758887,3.565104731189746,1.3145488123818982
W0009,5,0.0,0.0,0.0,0.0,0.0,0.0,0.0,10.745038041357915,0.0,0.0,0.0,0.0,0.0,0.0,0.0,0.0,0.0,0.0,0.0,0.0,0.0,0.0,0.0,0.0,0.0,0.0,0.0,0.0,0.0,0.0,0.3687193280153955,1.175158732821917,0.3138577108822222,-0.248596027486553,0.955110694830874,0.5000776921107821,2.5525528193283256,0.222300009996613,2.578987436705187,0.6134715961653125,0.9698160863566204,2.9167927350444405,0.1029210097279023,2.2205509400745047,2.0733754527222086
W0009,6,0.0,0.0,0.0,0.0,0.0,0.0,0.0,4.8535448673592905,0.0,0.0,0.0,0.0,0.0,0.0,0.0,0.0,0.0,0.0,0.0,0.0,0.0,0.0,0.0,0.0,0.0,0.0,0.0,0.0,0.0,0.0,0.3252402503469562,0.9631529130189208,-0.020915551278148,-0.0584222045229943,-0.3321837826471534,1.0641863765153836,0.9808256424580646,0.3786524744305174,2.5238819109199038,1.5471787299353972,1.9838052431894424,5.027612333052371,0.4561365022760451,2.879233995906453,1.566079568900176
W0010,0,0.0,0.0,0.0,0.0,0.0,0.0,0.0,0.0,3.0,0.0,0.0,0.0,0.0,0.0,0.0,0.0,0.0,0.0,0.0,0.0,0.0,0.0,0.0,0.0,0.0,0.0,0.0,0.0,0.0,0.0,35.0,0.0,0.0,0.0,0.0,0.0,0.0,0.0,0.0,0.0,0.0,0.0,0.0,0.0,0.0
W0010,1,0.0,0.0,0.0,0.0,0.0,0.0,0.0,0.0,14.86714983633382,0.0,0.0,0.0,0.0,0.0,0.0,0.0,0.0,0.0,0.0,0.0,0.0,0.0,0.0,0.0,0.0,0.0,0.0,0.0,0.0,0.0,0.763411478119784,4.48129752760385,1.22593865997052,1.5937625715075994,-0.6571148040471518,-0.0031551897504998,1.1674413689388468,-0.1297803984634922,6.3808609689883085,-0.0086125011903627,0.0,0.3993925590133216,-0.5598852910921441,-0.1194826190527017,3.125151905574901
W0010,2,0.0,0.0,0.0,0.0,0.0,0.0,0.0,0.0,10.64460084581378,0.0,0.0,0.0,0.0,0.0,0.0,0.0,0.0,0.0,0.0,0.0,0.0,0.0,0.0,0.0,0.0,0.0,0.0,0.0,0.0,0.0,-0.3962591680326834,4.900948063092947,0.2748903854193482,0.8997167339897401,0.6559610513614024,0.7595181966125945,1.2302630666914112,0.132835650709269,7.078002472870691,0.387792816998951,0.0,-0.5630969432640252,0.5086122271516356,0.3350070087691641,4.7386278928228425
W0010,3,0.0,0.0,0.0,0.0,0.0,0.0,0.0,0.0,7.575810956041304,0.0,0.0,0.0,0.0,0.0,0.0,0.0,0.0,0.0,0.0,0.0,0.0,0.0,0.0,0.0,0.0,0.0,0.0,0.0,0.0,0.0,-0.0034497841241299,6.365036286727513,0.0340640164635094,0.341590983804909,0.159568404705595,0.3466760380672888,0.8282462634582979,0.2457776949608314,6.529801553836702,0.2296219756332374,0.0,0.772238755138033,-0.0837705337624481,0.5269210643563824,4.4714264900687
W0010,4,0.0,0.0,0.0,0.0,0.0,0.0,0.0,0.0,3.715691350495764,0.0,0.0,0.0,0.0,0.0,0.0,0.0,0.0,0.0,0.0,0.0,0.0,0.0,0.0,0.0,0.0,0.0,0.0,0.0,0.0,0.0,-0.310173109913152,3.914960512153301,0.1596141522114719,-0.5591068128574168,0.5917577360291739,0.9089222600465616,1.3534356419613989,0.5964736613253382,10.575361477260888,-0.5475552949562225,0.0,-0.2490776218902873,0.4237892024544537,0.4627820988628306,2.217199217205639
W0010,5,0.0,0.0,0.0,0.0,0.0,0.0,0.0,0.0,3.175180095195594,0.0,0.0,0.0,0.0,0.0,0.0,0.0,0.0,0.0,0.0,0.0,0.0,0.0,0.0,0.0,0.0,0.0,0.0,0.0,0.0,0.0,-0.3399269855863036,4.569893927436477,-0.3165539501914525,1.0163893055101414,0.8630122447649292,1.7213631201785609,0.3906442321356507,-0.8722204608424274,7.091340069183978,-0.0565985663832279,0.0,0.0784238540973409,0.5616057323992614,0.2027094693727391,4.269767094444424
W0010,6,0.0,0.0,0.0,0.0,0.0,0.0,0.0,0.0,2.6311622834600588,0.0,0.0,0.0,0.0,0.0,0.0,0.0,0.0,0.0,0.0,0.0,0.0,0.0,0.0,0.0,0.0,0.0,0.0,0.0,0.0,0.0,-0.04584266870207,8.0353795199767,-0.7634631593319278,0.5163526692572502,0.1959038975218488,0.8149919451579604,0.7353330095385813,-0.107907892166751,4.858592875491111,-0.3183222145230991,0.0,0.2549547525106757,0.8361793744580956,0.6126979740256826,4.58266183295952
W0011,0,0.0,0.0,0.0,0.0,0.0,0.0,0.0,0.0,0.0,3.0,0.0,0.0,0.0,0.0,0.0,0.0,0.0,0.0,0.0,0.0,0.0,0.0,0.0,0.0,0.0,0.0,0.0,0.0,0.0,0.0,35.0,0.0,0.0,0.0,0.0,0.0,0.0,0.0,0.0,0.0,0.0,0.0,0.0,0.0,0.0
W0011,1,0.0,0.0,0.0,0.0,0.0,0.0,0.0,0.0,0.0,11.40240715599172,0.0,0.0,0.0,0.0,0.0,0.0,0.0,0.0,0.0,0.0,0.0,0.0,0.0,0.0,0.0,0.0,0.0,0.0,0.0,0.0,2.027325393393257,0.6851439916583182,1.4382535772349,4.240874240818936,0.377552854604709,1.0149249591614464,0.5729276850860571,2.89919027036324,0.1444776140925959,2.9400153077663487,0.0964624497659193,3.869350191423029,3.4465700761606346,0.7266186235157646,1.645050735782524
W0011,2,0.0,0.0,0.0,0.0,0.0,0.0,0.0,0.0,0.0,12.754700893537926,0.0,0.0,0.0,0.0,0.0,0.0,0.0,0.0,0.0,0.0,0.0,0.0,0.0,0.0,0.0,0.0,0.0,0.0,0.0,0.0,-0.7405826677101947,1.4673876152418932,1.2246612584750345,1.844122198082009,0.4734336977823153,2.744545649755185,0.5647055515161498,1.1229975284095524,-0.12942132005108,2.04946279656248,-0.6963778722976881,6.140535262386988,2.6890946377701663,1.05502402446848,2.1407137307770334
W0011,3,0.0,0.0,0.0,0.0,0.0,0.0,0.0,0.0,0.0,4.357624600011832,0.0,0.0,0.0,0.0,0.0,0.0,0.0,0.0,0.0,0.0,0.0,0.0,0.0,0.0,0.0,0.0,0.0,0.0,0.0,0.0,-0.1036079624618465,1.095989007807484,0.7547124733511599,1.4848329586076014,0.6333581415312218,0.693525990981685,0.6632349941650435,-0.3206676799778508,0.3634181770617624,2.99561024912806,0.1775021355766167,1.941806791126824,3.29836387908916,1.3887933579972462,2.189241521427488
W0011,4,0.0,0.0,0.0,0.0,0.0,0.0,0.0,0.0,0.0,5.597501304418699,0.0,0.0,0.0,0.0,0.0,0.0,0.0,0.0,0.0,0.0,0.0,0.0,0.0,0.0,0.0,0.0,0.0,0.0,0.0,0.0,-0.3831884161057358,0.3348487646584122,1.2549274797209264,0.6058037768059671,0.9046637633306076,0.9203923408676462,0.8019265239948183,0.9584511054505384,0.2956970555919729,1.933014375039214,-0.6033986969862087,3.588057383573667,1.5009819054135622,1.805473932964208,2.4922040941751598
W0011,5,0.0,0.0,0.0,0.0,0.0,0.0,0.0,0.0,0.0,4.946557591343927,0.0,0.0,0.0,0.0,0.0,0.0,0.0,0.0,0.0,0.0,0.0,0.0,0.0,0.0,0.0,0.0,0.0,0.0,0.0,0.0,0.5212853678013196,-0.4416818901861257,1.6710607663531458,1.0122878844932135,1.1770487073844853,0.9876129819379912,1.2050055886173248,0.6874896157086059,-0.4267005424045362,1.6107634775605986,-0.0266166725518232,3.753791273467033,2.408545261743965,2.7442410314200867,2.240286228728806
W0011,6,0.0,0.0,0.0,0.0,0.0,0.0,0.0,0.0,0.0,4.486253167478672,0.0,0.0,0.0,0.0,0.0,0.0,0.0,0.0,0.0,0.0,0.0,0.0,0.0,0.0,0.0,0.0,0.0,0.0,0.0,0.0,-0.0761888112550771,0.4927900365781509,0.7487717204707767,0.1238211071795606,1.613944849159485,0.9757082918629564,1.7079446486470715,-0.2879214434243942,0.0409860609375114,3.291120066879356,0.4233576148781667,4.232249703500441,3.7855157033748377,2.2145325268815115,1.6294615466524474
W0012,0,0.0,0.0,0.0,0.0,0.0,0.0,0.0,0.0,0.0,0.0,3.0,0.0,0.0,0.0,0.0,0.0,0.0,0.0,0.0,0.0,0.0,0.0,0.0,0.0,0.0,0.0,0.0,0.0,0.0,0.0,35.0,0.0,0.0,0.0,0.0,0.0,0.0,0.0,0.0,0.0,0.0,0.0,0.0,0.0,0.0
W0012,1,0.0,0.0,0.0,0.0,0.0,0.0,0.0,0.0,0.0,0.0,13.95272943811546,0.0,0.0,0.0,0.0,0.0,0.0,0.0,0.0,0.0,0.0,0.0,0.0,0.0,0.0,0.0,0.0,0.0,0.0,0.0,3.0134459181277107,1.819515622001309,0.1830309755065921,0.0,-0.0593970198959283,1.2000047051173894,0.0,21.339651035801428,3.1369494296893468,0.5253871880661745,-0.6084046931284747,-0.0729892511173163,0.3064903737174519,0.7449019532711708,-0.2753453569380772
W0012,2,0.0,0.0,0.0,0.0,0.0,0.0,0.0,0.0,0.0,0.0,8.795302254905561,0.0,0.0,0.0,0.0,0.0,0.0,0.0,0.0,0.0,0.0,0.0,0.0,0.0,0.0,0.0,0.0,0.0,0.0,0.0,0.1243962332490712,2.646911524055171,0.2246246824910862,0.0,-0.06231752381099,0.5913598080944664,0.0,7.3563957019449,1.4804293180102173,0.0162320726420818,-0.1703443408055708,0.4659422072821869,0.5873025586946057,1.1234077853559816,0.1647933961537782
W0012,3,0.0,0.0,0.0,0.0,0.0,0.0,0.0,0.0,0.0,0.0,4.91307526222826,0.0,0.0,0.0,0.0,0.0,0.0,0.0,0.0,0.0,0.0,0.0,0.0,0.0,0.0,0.0,0.0,0.0,0.0,0.0,-0.2037631299976437,2.260324299626268,1.4539955114770955,0.0,-0.3954075053069867,0.4456341956228904,0.0,24.17403851154468,1.7266559750208783,0.0107695717712251,1.056771205279806,-0.698731872441901,1.4614627705098011,1.3101516491197642,0.8400837358958781
W0012,4,0.0,0.0,0.0,0.0,0.0,0.0,0.0,0.0,0.0,0.0,3.7061941912541534,0.0,0.0,0.0,0.0,0.0,0.0,0.0,0.0,0.0,0.0,0.0,0.0,0.0,0.0,0.0,0.0,0.0,0.0,0.0,-0.5135121214583812,3.11791504034514,1.831175782576848,0.0,0.2367262382579028,0.2480708507840517,0.0,10.422598439001275,1.2909106955603784,-0.2712053586465984,0.0213907978587581,0.5824058228857736,0.1751500998691773,0.9081404294796976,0.3966437541724434
W0012,5,0.0,0.0,0.0,0.0,0.0,0.0,0.0,0.0,0.0,0.0,3.54129917435201,0.0,0.0,0.0,0.0,0.0,0.0,0.0,0.0,0.0,0.0,0.0,0.0,0.0,0.0,0.0,0.0,0.0,0.0,0.0,0.2484897215728234,2.422393932391659,1.7634319401333542,0.0,0.8053993411018112,0.4068588675799837,0.0,10.992648416081888,0.1238359734797373,0.7846728997805202,-0.1740851443662982,0.794628194990254,0.7213512660214481,1.3754358319298872,1.0852545956670363
W0012,6,0.0,0.0,0.0,0.0,0.0,0.0,0.0,0.0,0.0,0.0,4.518804123962402,0.0,0.0,0.0,0.0,0.0,0.0,0.0,0.0,0.0,0.0,0.0,0.0,0.0,0.0,0.0,0.0,0.0,0.0,0.0,-0.0256579728687,1.9499587364330384,1.748605106979745,0.0,0.2445922869766634,0.7511164354470315,0.0,18.47095752687597,0.791482046147389,-0.1815184659231408,-0.0972411913598907,0.5071136898738694,0.028633370197564,0.3517626155871599,0.3310558732885423
W0013,0,0.0,0.0,0.0,0.0,0.0,0.0,0.0,0.0,0.0,0.0,0.0,3.0,0.0,0.0,0.0,0.0,0.0,0.0,0.0,0.0,0.0,0.0,0.0,0.0,0.0,0.0,0.0,0.0,0.0,0.0,35.0,0.0,0.0,0.0,0.0,0.0,0.0,0.0,0.0,0.0,0.0,0.0,0.0,0.0,0.0
W0013,1,0.0,0.0,0.0,0.0,0.0,0.0,0.0,0.0,0.0,0.0,0.0,9.325793269539218,0.0,0.0,0.0,0.0,0.0,0.0,0.0,0.0,0.0,0.0,0.0,0.0,0.0,0.0,0.0,0.0,0.0,0.0,6.530227850265638,0.1132864117508518,7.898809252651821,-0.2719908955096964,0.8083725930463541,0.7656181312481858,-0.4885812771148039,7.44642778952988,-0.6615465237168987,-0.1554206157302848,0.0242881545796864,1.165101856218275,3.997047268814829,-0.5128349821687853,0.2891060439069113
W0013,2,0.0,0.0,0.0,0.0,0.0,0.0,0.0,0.0,0.0,0.0,0.0,7.159958294370254,0.0,0.0,0.0,0.0,0.0,0.0,0.0,0.0,0.0,0.0,0.0,0.0,0.0,0.0,0.0,0.0,0.0,0.0,0.6198664271578116,0.4854091594672954,4.355480281406704,-0.2821992704757157,1.1085201292600997,0.7343766090642904,0.2941939111562766,8.205405295555977,-0.1951499898005198,-0.3943891371891026,-0.2506363899036519,1.580908971563987,3.0052768539685752,0.6497520720948933,0.1170242608784091
W0013,3,0.0,0.0,0.0,0.0,0.0,0.0,0.0,0.0,0.0,0.0,0.0,4.269956831437453,0.0,0.0,0.0,0.0,0.0,0.0,0.0,0.0,0.0,0.0,0.0,0.0,0.0,0.0,0.0,0.0,0.0,0.0,0.3108809851717589,-0.6229879445248957,11.140691773035378,1.0637014051778315,0.7786847197967027,0.6764523618598339,-0.3443063527945298,4.407288270233154,-0.7621645635953053,-0.9597283571853726,-0.0219696487392363,1.10321436069134,6.000774770768216,0.699321778604426,0.6102855491168028
W0013,4,0.0,0.0,0.0,0.0,0.0,0.0,0.0,0.0,0.0,0.0,0.0,6.659682915413585,0.0,0.0,0.0,0.0,0.0,0.0,0.0,0.0,0.0,0.0,0.0,0.0,0.0,0.0,0.0,0.0,0.0,0.0,-0.3268126705708776,-0.109256368446057,11.677584871193371,-0.2109473728207371,1.422667953216335,1.7166054526516878,-0.2021608325792318,4.136798605990826,-0.3823153968478606,0.2483037175468719,0.1495215520806477,2.0212950879416978,4.749059947754328,-0.1029770921916713,0.0448571470002116
W0013,5,0.0,0.0,0.0,0.0,0.0,0.0,0.0,0.0,0.0,0.0,0.0,2.907582285560467,0.0,0.0,0.0,0.0,0.0,0.0,0.0,0.0,0.0,0.0,0.0,0.0,0.0,0.0,0.0,0.0,0.0,0.0,0.2159570469406986,-0.5963380252234645,7.603156867948487,-0.1571627191746568,0.1868897337088728,0.6943348192004993,-0.3129345340230424,8.215467914510178,0.4542361655171384,-0.1975837620391293,-0.0607702922633708,0.7680757492342518,3.4397525106573905,0.3677815682903779,0.5394583060191538
W0013,6,0.0,0.0,0.0,0.0,0.0,0.0,0.0,0.0,0.0,0.0,0.0,3.024315039914131,0.0,0.0,0.0,0.0,0.0,0.0,0.0,0.0,0.0,0.0,0.0,0.0,0.0,0.0,0.0,0.0,0.0,0.0,0.6539758691533292,0.1919766584854674,10.08398844222965,0.2920703602193061,0.9559870576384396,0.2303333308713717,-0.7448096147185953,9.550151034844436,-0.1609136264257068,0.3759914579097816,0.4441358021217544,1.112298044235077,2.376136695902548,0.7938487043341331,-0.0598097447254848
W0014,0,0.0,0.0,0.0,0.0,0.0,0.0,0.0,0.0,0.0,0.0,0.0,0.0,3.0,0.0,0.0,0.0,0.0,0.0,0.0,0.0,0.0,0.0,0.0,0.0,0.0,0.0,0.0,0.0,0.0,0.0,35.0,0.0,0.0,0.0,0.0,0.0,0.0,0.0,0.0,0.0,0.0,0.0,0.0,0.0,0.0
W0014,1,0.0,0.0,0.0,0.0,0.0,0.0,0.0,0.0,0.0,0.0,0.0,0.0,13.443324771462969,0.0,0.0,0.0,0.0,0.0,0.0,0.0,0.0,0.0,0.0,0.0,0.0,0.0,0.0,0.0,0.0,0.0,-0.2653784868665615,-0.4884363212417697,0.6846136487754808,5.793303596706032,-0.7142852101178333,-0.1167259964284646,3.1017980542588237,0.9462075190482172,0.0907979114125558,-0.5993326864390158,1.1405317619710988,1.1769973103165754,8.451880648013729,3.488808950079709,5.136088249335201
W0014,2,0.0,0.0,0.0,0.0,0.0,0.0,0.0,0.0,0.0,0.0,0.0,0.0,8.108893835945075,0.0,0.0,0.0,0.0,0.0,0.0,0.0,0.0,0.0,0.0,0.0,0.0,0.0,0.0,0.0,0.0,0.0,-0.4780025677177845,0.378462918599226,-0.1670679595852972,3.925977299258036,-0.1510648257825279,-0.3388447899401745,2.2466757373317274,0.9367685511344696,0.1741353177279254,0.1265014651072034,0.3253812482535014,-0.4809066164322605,8.260718602400615,7.891998675440124,6.336870394372891
W0014,3,0.0,0.0,0.0,0.0,0.0,0.0,0.0,0.0,0.0,0.0,0.0,0.0,6.311265141492957,0.0,0.0,0.0,0.0,0.0,0.0,0.0,0.0,0.0,0.0,0.0,0.0,0.0,0.0,0.0,0.0,0.0,-0.027457531625963,-0.0657281555841019,-0.3291031503119315,3.9391503007814106,0.4603109080786778,-0.2945076623545326,2.456972787688028,1.12564571008468,0.1219924425099081,-0.0112923035167441,0.3953356448073529,0.1582416594378246,9.169583293643052,4.286262204507175,6.114976683686315
W0014,4,0.0,0.0,0.0,0.0,0.0,0.0,0.0,0.0,0.0,0.0,0.0,0.0,3.1336376575239093,0.0,0.0,0.0,0.0,0.0,0.0,0.0,0.0,0.0,0.0,0.0,0.0,0.0,0.0,0.0,0.0,0.0,-0.5788977903403224,-0.1395478704581666,0.1916350258827818,2.7743536233230026,0.67100182154717,0.1274346293399807,1.2197292385166283,1.1780328594056593,-0.2325547346582757,0.1296225921111129,0.4308758355812365,-0.4564336148042431,4.573767099983553,3.950442775861567,3.9334665180600856
W0014,5,0.0,0.0,0.0,0.0,0.0,0.0,0.0,0.0,0.0,0.0,0.0,0.0,1.741551913296888,0.0,0.0,0.0,0.0,0.0,0.0,0.0,0.0,0.0,0.0,0.0,0.0,0.0,0.0,0.0,0.0,0.0,0.3728757530476214,0.2184975539000805,-0.0356674825815645,6.107302645638798,0.0670329293061365,-0.0975617056326217,0.5556336458502193,0.2105456494685105,0.3280485650996094,-0.9028079017015516,0.9011972647769833,0.4072121584036274,7.028438800341392,4.909547572956106,3.8414306457836673
W0014,6,0.0,0.0,0.0,0.0,0.0,0.0,0.0,0.0,0.0,0.0,0.0,0.0,2.0026462243412797,0.0,0.0,0.0,0.0,0.0,0.0,0.0,0.0,0.0,0.0,0.0,0.0,0.0,0.0,0.0,0.0,0.0,-0.2402174683787795,0.1310770820435596,-0.1549290756401365,4.424102941518871,-0.5525285844481633,0.1940933493293672,1.7681332177082174,-0.2047998413140926,-0.773004120152705,-0.0975804571657929,-0.0210290567128638,-0.1136299276680868,8.724045170652536,4.2183460671589685,4.509789919112903
W0015,0,0.0,0.0,0.0,0.0,0.0,0.0,0.0,0.0,0.0,0.0,0.0,0.0,0.0,3.0,0.0,0.0,0.0,0.0,0.0,0.0,0.0,0.0,0.0,0.0,0.0,0.0,0.0,0.0,0.0,0.0,35.0,0.0,0.0,0.0,0.0,0.0,0.0,0.0,0.0,0.0,0.0,0.0,0.0,0.0,0.0
W0015,1,0.0,0.0,0.0,0.0,0.0,0.0,0.0,0.0,0.0,0.0,0.0,0.0,0.0,6.1502584548175605,0.0,0.0,0.0,0.0,0.0,0.0,0.0,0.0,0.0,0.0,0.0,0.0,0.0,0.0,0.0,0.0,2.71475000824216,10.363556392994544,0.6193655818764094,4.662126009124078,2.842411347704713,-0.0368702680223902,1.0909025390512048,0.4857381737263608,0.1516900712811536,0.2217126340590532,-0.2098426396536215,0.2207847976987168,1.1805227883127485,0.8397343242304007,0.6891473456503024
W0015,2,0.0,0.0,0.0,0.0,0.0,0.0,0.0,0.0,0.0,0.0,0.0,0.0,0.0,9.181080379725737,0.0,0.0,0.0,0.0,0.0,0.0,0.0,0.0,0.0,0.0,0.0,0.0,0.0,0.0,0.0,0.0,0.8523938847849513,14.974908764756597,0.6342745329105459,6.538332060241368,2.6831777331064504,-0.9294832851738656,0.9568152364036542,1.4599010808237824,0.2662562156670744,-0.1909670827298639,0.0500593722913296,-1.210523874098249,0.1049965396904717,1.027634097475953,-0.1790636912026371
W0015,3,0.0,0.0,0.0,0.0,0.0,0.0,0.0,0.0,0.0,0.0,0.0,0.0,0.0,5.255801465794377,0.0,0.0,0.0,0.0,0.0,0.0,0.0,0.0,0.0,0.0,0.0,0.0,0.0,0.0,0.0,0.0,-0.3166815680164461,17.677451297855292,0.2985431100342181,6.194944183334242,3.90485634612398,0.5562359931891979,-0.1032993625842255,0.4480952126075362,-0.0213810215810067,-0.4713846603976048,0.7202147780087852,0.1680590523505442,1.2466607927150417,1.048566932195901,0.1813164700164408
W0015,4,0.0,0.0,0.0,0.0,0.0,0.0,0.0,0.0,0.0,0.0,0.0,0.0,0.0,5.055424954728384,0.0,0.0,0.0,0.0,0.0,0.0,0.0,0.0,0.0,0.0,0.0,0.0,0.0,0.0,0.0,0.0,0.3876715068924695,11.109179426687554,-0.8391539065188935,3.7518270383946266,2.997011627534412,0.4996187554519534,-0.168890840771042,1.0745328439053616,0.1525579357944846,-0.0310767750811752,-0.3968960235186043,0.1207341346731456,1.3203960384800049,-0.0283779323310269,0.4779881022091883
W0015,5,0.0,0.0,0.0,0.0,0.0,0.0,0.0,0.0,0.0,0.0,0.0,0.0,0.0,3.651872361028407,0.0,0.0,0.0,0.0,0.0,0.0,0.0,0.0,0.0,0.0,0.0,0.0,0.0,0.0,0.0,0.0,1.039794283413462,10.551533677805027,-0.140665452283526,4.644556312035896,3.6048033398076846,0.1655370281055531,-0.2301753099084457,0.791330258368574,0.4380925353116647,-0.0799020146473841,-0.5791440445315698,-0.2167294769028074,0.1739392817212799,0.4634330021281777,0.9539717349636871
W0015,6,0.0,0.0,0.0,0.0,0.0,0.0,0.0,0.0,0.0,0.0,0.0,0.0,0.0,2.9150474667882325,0.0,0.0,0.0,0.0,0.0,0.0,0.0,0.0,0.0,0.0,0.0,0.0,0.0,0.0,0.0,0.0,-0.3452956217797949,9.135815221105387,-0.0778581123231717,5.7201051883974285,3.2351576754193987,0.1756269182107866,-0.3712288863008727,1.8713799859257916,0.3495837033477051,-0.4773442865009681,0.6098496399369527,0.234892938089125,1.5971741269888775,0.6104513922195213,-0.5369475976735186
W0016,0,0.0,0.0,0.0,0.0,0.0,0.0,0.0,0.0,0.0,0.0,0.0,0.0,0.0,0.0,3.0,0.0,0.0,0.0,0.0,0.0,0.0,0.0,0.0,0.0,0.0,0.0,0.0,0.0,0.0,0.0,35.0,0.0,0.0,0.0,0.0,0.0,0.0,0.0,0.0,0.0,0.0,0.0,0.0,0.0,0.0
W0016,1,0.0,0.0,0.0,0.0,0.0,0.0,0.0,0.0,0.0,0.0,0.0,0.0,0.0,0.0,12.27738240761583,0.0,0.0,0.0,0.0,0.0,0.0,0.0,0.0,0.0,0.0,0.0,0.0,0.0,0.0,0.0,2.561975163526943,12.080374578977915,0.6051670604509514,-0.138444654383702,-0.2737105153133408,-0.0264486658409797,0.1252410716303683,0.9787354108807218,0.0969564358222962,0.7014995058011813,0.2657889201150068,0.4378449835371661,2.777805739604508,1.010488912222267,0.090067274696731
W0016,2,0.0,0.0,0.0,0.0,0.0,0.0,0.0,0.0,0.0,0.0,0.0,0.0,0.0,0.0,6.744179841577281,0.0,0.0,0.0,0.0,0.0,0.0,0.0,0.0,0.0,0.0,0.0,0.0,0.0,0.0,0.0,0.5908123005432317,9.675166568920432,-0.3636671811602425,-0.2434929091423564,0.2195969338572955,0.984391672572668,0.4415399927342768,3.036459576154968,-0.137238793769523,-0.1806893389293131,0.5292378996275426,0.5962031942773194,2.503989191680451,3.229919046858132,-0.4751255883415106
W0016,3,0.0,0.0,0.0,0.0,0.0,0.0,0.0,0.0,0.0,0.0,0.0,0.0,0.0,0.0,6.069505540996262,0.0,0.0,0.0,0.0,0.0,0.0,0.0,0.0,0.0,0.0,0.0,0.0,0.0,0.0,0.0,-0.5094414909041971,13.988561721362409,0.4683599503787495,-0.2645630040432435,0.2049045505339113,-0.4934844616155704,1.0387018703720283,2.150383095341357,0.348637592701152,-0.5445547868474635,1.000465911508038,-0.1967363944008641,3.151539929265886,4.433002334427598,0.164119488513912
W0016,4,0.0,0.0,0.0,0.0,0.0,0.0,0.0,0.0,0.0,0.0,0.0,0.0,0.0,0.0,5.161541183868718,0.0,0.0,0.0,0.0,0.0,0.0,0.0,0.0,0.0,0.0,0.0,0.0,0.0,0.0,0.0,-0.3026435015166038,7.124285169528449,1.37562325434823,0.3245500134846117,0.6085226591049224,0.2355069205631681,0.7853966669386413,1.762694641107987,1.3198425580518869,-0.4225462041274054,0.328073337585531,-0.3848486824918123,2.669664930049736,3.1497884439305937,0.3740869124821042
W0016,5,0.0,0.0,0.0,0.0,0.0,0.0,0.0,0.0,0.0,0.0,0.0,0.0,0.0,0.0,3.54945634174705,0.0,0.0,0.0,0.0,0.0,0.0,0.0,0.0,0.0,0.0,0.0,0.0,0.0,0.0,0.0,-0.3123808818815123,9.01670137757102,-0.2493489609039937,-0.5962064456624085,0.2658369648978923,0.1278479052379966,1.2424601124682622,1.8030698158708545,-0.2663827348254897,0.6599055678600956,0.8325464475849277,0.3440340793929183,2.317041360517244,4.5803895802292205,0.1642219329563788
W0016,6,0.0,0.0,0.0,0.0,0.0,0.0,0.0,0.0,0.0,0.0,0.0,0.0,0.0,0.0,4.527153425374199,0.0,0.0,0.0,0.0,0.0,0.0,0.0,0.0,0.0,0.0,0.0,0.0,0.0,0.0,0.0,-0.685993152350652,11.99926069624235,0.0548513247608647,0.1937148014733438,-0.0192175592982374,0.800197870968727,0.3306401639602736,0.8629319466203175,0.4820388734248838,0.1869028509092798,0.7106013011342931,0.5662151617890969,2.025942191925889,2.794528295198825,1.2472433460942054
W0017,0,0.0,0.0,0.0,0.0,0.0,0.0,0.0,0.0,0.0,0.0,0.0,0.0,0.0,0.0,0.0,3.0,0.0,0.0,0.0,0.0,0.0,0.0,0.0,0.0,0.0,0.0,0.0,0.0,0.0,0.0,35.0,0.0,0.0,0.0,0.0,0.0,0.0,0.0,0.0,0.0,0.0,0.0,0.0,0.0,0.0
W0017,1,0.0,0.0,0.0,0.0,0.0,0.0,0.0,0.0,0.0,0.0,0.0,0.0,0.0,0.0,0.0,16.458530646573795,0.0,0.0,0.0,0.0,0.0,0.0,0.0,0.0,0.0,0.0,0.0,0.0,0.0,0.0,0.4772339157501671,3.414362388703545,0.0,4.9240421690929015,4.313330938387395,-0.4308688588373011,1.860286220805923,0.2220121706303728,0.0,0.0,0.0,0.0,10.306034723497314,0.0,0.248275808545689
W0017,2,0.0,0.0,0.0,0.0,0.0,0.0,0.0,0.0,0.0,0.0,0.0,0.0,0.0,0.0,0.0,8.496350294191501,0.0,0.0,0.0,0.0,0.0,0.0,0.0,0.0,0.0,0.0,0.0,0.0,0.0,0.0,-0.1158628953017721,1.3581570026310537,0.0,3.488096799993841,2.4599815270127,1.0330358159329465,1.4173776298049514,0.621637390448144,0.0,0.0,0.0,0.0,14.575001879784786,0.0,-0.0277289479996349
W0017,3,0.0,0.0,0.0,0.0,0.0,0.0,0.0,0.0,0.0,0.0,0.0,0.0,0.0,0.0,0.0,3.1991550370656787,0.0,0.0,0.0,0.0,0.0,0.0,0.0,0.0,0.0,0.0,0.0,0.0,0.0,0.0,0.1935921024328804,3.909415445310347,0.0,1.9990873777924352,4.02889589411701,0.3517145422709641,2.26866818874068,0.7045091375316739,0.0,0.0,0.0,0.0,5.761340859415792,0.0,0.2624342612337875
W0017,4,0.0,0.0,0.0,0.0,0.0,0.0,0.0,0.0,0.0,0.0,0.0,0.0,0.0,0.0,0.0,3.117125706937377,0.0,0.0,0.0,0.0,0.0,0.0,0.0,0.0,0.0,0.0,0.0,0.0,0.0,0.0,-0.4366688792334676,3.208037637632251,0.0,3.651055254377421,3.759726739892553,0.6754574934032433,2.4819931738324463,0.3810371920927489,0.0,0.0,0.0,0.0,13.71200089777249,0.0,0.3829207692777451
W0017,5,0.0,0.0,0.0,0.0,0.0,0.0,0.0,0.0,0.0,0.0,0.0,0.0,0.0,0.0,0.0,2.0130050864604856,0.0,0.0,0.0,0.0,0.0,0.0,0.0,0.0,0.0,0.0,0.0,0.0,0.0,0.0,-0.7558497925055192,2.9701253621286763,0.0,3.5675799355738067,5.801893133578249,0.7025730410449043,1.937849104825932,1.057263074018416,0.0,0.0,0.0,0.0,10.663351875295918,0.0,0.7197516064771489
W0017,6,0.0,0.0,0.0,0.0,0.0,0.0,0.0,0.0,0.0,0.0,0.0,0.0,0.0,0.0,0.0,1.749166010820827,0.0,0.0,0.0,0.0,0.0,0.0,0.0,0.0,0.0,0.0,0.0,0.0,0.0,0.0,-0.3234991086534788,2.328905457603808,0.0,3.3721696364114635,4.935385492023364,0.9242936114289,1.8673847857556276,0.8937637439952728,0.0,0.0,0.0,0.0,11.594978354291484,0.0,0.7428796566757313
W0018,0,0.0,0.0,0.0,0.0,0.0,0.0,0.0,0.0,0.0,0.0,0.0,0.0,0.0,0.0,0.0,0.0,3.0,0.0,0.0,0.0,0.0,0.0,0.0,0.0,0.0,0.0,0.0,0.0,0.0,0.0,35.0,0.0,0.0,0.0,0.0,0.0,0.0,0.0,0.0,0.0,0.0,0.0,0.0,0.0,0.0
W0018,1,0.0,0.0,0.0,0.0,0.0,0.0,0.0,0.0,0.0,0.0,0.0,0.0,0.0,0.0,0.0,0.0,13.826248935200072,0.0,0.0,0.0,0.0,0.0,0.0,0.0,0.0,0.0,0.0,0.0,0.0,0.0,0.5724793979887949,4.9152557781720905,1.5403471966391722,2.508422851293295,0.1484393056223102,1.8882633309214087,1.286868614379256,0.6852352751451274,-0.0114645364382776,1.4169553299224795,-1.291620484504434,1.0011759634727977,1.276936570912317,0.338473122277958,1.911028546268262
W0018,2,0.0,0.0,0.0,0.0,0.0,0.0,0.0,0.0,0.0,0.0,0.0,0.0,0.0,0.0,0.0,0.0,7.293677753111766,0.0,0.0,0.0,0.0,0.0,0.0,0.0,0.0,0.0,0.0,0.0,0.0,0.0,0.465607356070014,5.398721977750845,2.321203180588668,2.6309785219733786,0.4098959437885602,0.0561309811090343,0.28582388602073,3.300220041679594,-0.5090491267183145,1.3068080915417206,-0.1338342485576488,0.0674402927808857,0.7238415498905098,0.748261057586695,3.374483261668249
W0018,3,0.0,0.0,0.0,0.0,0.0,0.0,0.0,0.0,0.0,0.0,0.0,0.0,0.0,0.0,0.0,0.0,9.614019321977676,0.0,0.0,0.0,0.0,0.0,0.0,0.0,0.0,0.0,0.0,0.0,0.0,0.0,0.0318317057613664,3.883066162970124,0.687699293811651,3.0459881478568507,-0.1122608558955747,0.1350536165259477,0.3051628959006634,1.536343508479392,-0.7835089203992442,1.819354817978432,0.0351079024897809,-0.0355446660892034,0.4307059738229741,1.14890550406203,1.6917197129806647
W0018,4,0.0,0.0,0.0,0.0,0.0,0.0,0.0,0.0,0.0,0.0,0.0,0.0,0.0,0.0,0.0,0.0,7.650182285988452,0.0,0.0,0.0,0.0,0.0,0.0,0.0,0.0,0.0,0.0,0.0,0.0,0.0,-0.2885107689559796,5.6097598209508615,0.9330892590476318,4.686906447211197,-0.6323901222217853,0.2201948853629077,-0.0744065284555248,2.716333169511066,0.3376021785424153,1.917965399689912,-0.4634338822318588,-0.243325136481859,0.909407844288154,0.6036150231739015,2.692836087391501
W0018,5,0.0,0.0,0.0,0.0,0.0,0.0,0.0,0.0,0.0,0.0,0.0,0.0,0.0,0.0,0.0,0.0,2.2196401112253974,0.0,0.0,0.0,0.0,0.0,0.0,0.0,0.0,0.0,0.0,0.0,0.0,0.0,-0.5600750502567482,5.872359523060157,0.7077361455878011,3.0558539417534374,0.0041194178550559,-0.2686174780825456,-0.1456633444161239,1.5681672108550526,0.0376695665286964,1.6951579965050618,0.1893459642256189,-0.3431758269104455,-0.3535738437052073,0.51054291733916,3.771581447341263
W0018,6,0.0,0.0,0.0,0.0,0.0,0.0,0.0,0.0,0.0,0.0,0.0,0.0,0.0,0.0,0.0,0.0,2.365088574810709,0.0,0.0,0.0,0.0,0.0,0.0,0.0,0.0,0.0,0.0,0.0,0.0,0.0,0.3542443056133005,4.699739318060683,1.8078268339175103,2.9889585185782908,-0.0601375728483608,0.3401888578706665,-0.2890007551447363,2.2206810122519176,0.0185520185650613,0.1832416886094492,0.2886655702464472,-0.6349721605392716,-0.2846135973621277,1.4579294479884748,1.6718732815228483
W0019,0,0.0,0.0,0.0,0.0,0.0,0.0,0.0,0.0,0.0,0.0,0.0,0.0,0.0,0.0,0.0,0.0,0.0,3.0,0.0,0.0,0.0,0.0,0.0,0.0,0.0,0.0,0.0,0.0,0.0,0.0,35.0,0.0,0.0,0.0,0.0,0.0,0.0,0.0,0.0,0.0,0.0,0.0,0.0,0.0,0.0
W0019,1,0.0,0.0,0.0,0.0,0.0,0.0,0.0,0.0,0.0,0.0,0.0,0.0,0.0,0.0,0.0,0.0,0.0,12.470330637551442,0.0,0.0,0.0,0.0,0.0,0.0,0.0,0.0,0.0,0.0,0.0,0.0,0.32534970921816,0.6798691202945426,2.724836214962618,0.2470475968760715,0.9772624948892829,0.9268887673721408,0.2540881230606222,-0.906196640582272,-0.1217210406299573,1.0493228969179833,0.007417171352691,0.4951140198181832,9.313650797043849,8.614317540261018,0.709226879729826
W0019,2,0.0,0.0,0.0,0.0,0.0,0.0,0.0,0.0,0.0,0.0,0.0,0.0,0.0,0.0,0.0,0.0,0.0,8.9348333969394,0.0,0.0,0.0,0.0,0.0,0.0,0.0,0.0,0.0,0.0,0.0,0.0,0.3214248919885442,0.8957777600215816,1.7351546545932028,0.1490172212107657,0.6351154534364194,0.8337653589216851,2.1210799234340456,-0.3997787468977972,-0.2561107394312934,1.851068765700332,-0.3613070151548374,0.3134236637568552,6.466943410622372,7.06487893527964,0.8861613030677327
W0019,3,0.0,0.0,0.0,0.0,0.0,0.0,0.0,0.0,0.0,0.0,0.0,0.0,0.0,0.0,0.0,0.0,0.0,5.684043382771021,0.0,0.0,0.0,0.0,0.0,0.0,0.0,0.0,0.0,0.0,0.0,0.0,0.8879246351096611,0.3391360133318057,0.161367021505685,0.4898796167942124,0.8138369747790061,0.74866344278455,1.1731514023762646,0.4287733934187421,0.0806128160692601,0.7966303354646664,0.4772567805202658,0.1007298976152875,10.695826343741349,8.29042475274013,0.7489524373030895
W0019,4,0.0,0.0,0.0,0.0,0.0,0.0,0.0,0.0,0.0,0.0,0.0,0.0,0.0,0.0,0.0,0.0,0.0,8.518042618299525,0.0,0.0,0.0,0.0,0.0,0.0,0.0,0.0,0.0,0.0,0.0,0.0,-0.0493631132226132,0.1696151466723155,0.3574918260526525,1.341883918021619,1.4039754195542071,0.1764517371719133,0.5648400004249406,-0.3260776783062414,-0.2234414042170582,1.2379306440841598,0.0933281009182848,0.3650924379148823,6.5858098257798,10.865686022919189,0.0974524423994405
W0019,5,0.0,0.0,0.0,0.0,0.0,0.0,0.0,0.0,0.0,0.0,0.0,0.0,0.0,0.0,0.0,0.0,0.0,2.703310899047389,0.0,0.0,0.0,0.0,0.0,0.0,0.0,0.0,0.0,0.0,0.0,0.0,0.2625764078015874,-0.5128330842925893,0.5607867748527197,0.3262225302793226,1.8701376661373657,0.8364234997273244,0.518780088753274,0.518685061914056,-0.1784891861087805,0.1872605007902882,0.7396023550782209,0.0846460079335003,8.513562071490242,5.121372153805189,0.0083970131890465
W0019,6,0.0,0.0,0.0,0.0,0.0,0.0,0.0,0.0,0.0,0.0,0.0,0.0,0.0,0.0,0.0,0.0,0.0,3.630014200139797,0.0,0.0,0.0,0.0,0.0,0.0,0.0,0.0,0.0,0.0,0.0,0.0,0.3086719460421577,0.1839959896965608,-0.3004344825749126,0.0832786549108283,2.2076731652311605,-0.0683212835949361,-0.0620584622933384,0.0939402257620534,0.1753922160895202,0.7202589922714009,-0.0566481461471269,-0.2641647881888774,10.271999536469554,6.833059953428412,-0.1376717099928129
W0020,0,0.0,0.0,0.0,0.0,0.0,0.0,0.0,0.0,0.0,0.0,0.0,0.0,0.0,0.0,0.0,0.0,0.0,0.0,3.0,0.0,0.0,0.0,0.0,0.0,0.0,0.0,0.0,0.0,0.0,0.0,35.0,0.0,0.0,0.0,0.0,0.0,0.0,0.0,0.0,0.0,0.0,0.0,0.0,0.0,0.0
W0020,1,0.0,0.0,0.0,0.0,0.0,0.0,0.0,0.0,0.0,0.0,0.0,0.0,0.0,0.0,0.0,0.0,0.0,0.0,16.880414671866394,0.0,0.0,0.0,0.0,0.0,0.0,0.0,0.0,0.0,0.0,0.0,0.7743741189989111,1.3418114478587129,1.2485153769363322,1.3305986303266706,4.575859793288638,0.2871459079324767,0.6854352804128787,0.1234292871422508,0.4472516006324427,-0.2912912087055576,-0.6085991499138217,0.1477646514865586,2.1049479371427675,0.7411351041375785,2.130496535979012
W0020,2,0.0,0.0,0.0,0.0,0.0,0.0,0.0,0.0,0.0,0.0,0.0,0.0,0.0,0.0,0.0,0.0,0.0,0.0,8.66495333241925,0.0,0.0,0.0,0.0,0.0,0.0,0.0,0.0,0.0,0.0,0.0,-0.1892422777691722,1.8734809964309207,1.5418782139783216,0.3928541965610086,2.2965195357371053,-0.9112001688922436,0.3385308418804948,-0.4761185066592113,0.5200796674541193,0.2072137593055508,-0.3351595045471496,-0.0777509675213568,4.874057747266519,0.0957695933691975,3.824161827542841
W0020,3,0.0,0.0,0.0,0.0,0.0,0.0,0.0,0.0,0.0,0.0,0.0,0.0,0.0,0.0,0.0,0.0,0.0,0.0,7.699172503715095,0.0,0.0,0.0,0.0,0.0,0.0,0.0,0.0,0.0,0.0,0.0,0.1716987770768682,1.1050821937994102,0.5942692332310464,-0.2687115876135533,2.7948982824528725,0.5363041381455808,-0.0484104469696013,-0.2814271920800297,-0.0064154847953937,0.0411105957274814,-0.3157517145580765,1.020901633806441,4.252160586850532,0.0545991483613611,4.799937668084324
W0020,4,0.0,0.0,0.0,0.0,0.0,0.0,0.0,0.0,0.0,0.0,0.0,0.0,0.0,0.0,0.0,0.0,0.0,0.0,5.93672152974127,0.0,0.0,0.0,0.0,0.0,0.0,0.0,0.0,0.0,0.0,0.0,0.1560263713042684,2.445475208822805,0.4047040533054331,-0.0419555472711909,0.8155649546343612,-0.160731775025007,-0.3492023412427302,-0.5171679449141686,0.0532510636375922,0.6167788104398219,1.0572373704779212,0.7344514518041946,5.607661129621525,-0.4013047525411217,4.5613082295723535
W0020,5,0.0,0.0,0.0,0.0,0.0,0.0,0.0,0.0,0.0,0.0,0.0,0.0,0.0,0.0,0.0,0.0,0.0,0.0,5.062955413647059,0.0,0.0,0.0,0.0,0.0,0.0,0.0,0.0,0.0,0.0,0.0,0.5109101673272446,2.7168177411832,1.1647738417665214,0.8175285847812604,1.067208258521927,0.5542802830269387,-0.8921374743279091,0.6438361727808297,0.696100782958217,-0.0790422836977879,0.5149353029991459,1.2340760553015775,6.916068797146952,1.1830329163645203,5.975239799258265
W0020,6,0.0,0.0,0.0,0.0,0.0,0.0,0.0,0.0,0.0,0.0,0.0,0.0,0.0,0.0,0.0,0.0,0.0,0.0,4.388398717696623,0.0,0.0,0.0,0.0,0.0,0.0,0.0,0.0,0.0,0.0,0.0,0.3590914466817644,2.025403405412539,0.6468026714975548,-0.5666270058244545,0.1811574625405762,0.3417779180352721,0.1972396960890766,-0.1337608725898685,0.4648235471847383,0.9397468235444236,0.4196465246496142,2.027070233400109,5.573134179406525,-0.106994271961526,3.0007535312147526
W0021,0,0.0,0.0,0.0,0.0,0.0,0.0,0.0,0.0,0.0,0.0,0.0,0.0,0.0,0.0,0.0,0.0,0.0,0.0,0.0,3.0,0.0,0.0,0.0,0.0,0.0,0.0,0.0,0.0,0.0,0.0,35.0,0.0,0.0,0.0,0.0,0.0,0.0,0.0,0.0,0.0,0.0,0.0,0.0,0.0,0.0
W0021,1,0.0,0.0,0.0,0.0,0.0,0.0,0.0,0.0,0.0,0.0,0.0,0.0,0.0,0.0,0.0,0.0,0.0,0.0,0.0,11.16696274387088,0.0,0.0,0.0,0.0,0.0,0.0,0.0,0.0,0.0,0.0,3.179788810226424,-0.1994076279183473,0.8607300261688167,0.480327887792618,14.858162668756698,0.5071766809568096,2.4138352081211063,0.1473284228222354,-0.4525789030806765,0.3875917386639483,-0.4402794517871027,0.1099103277486022,2.561230154383037,1.3091702311001352,1.4714313987800247
W0021,2,0.0,0.0,0.0,0.0,0.0,0.0,0.0,0.0,0.0,0.0,0.0,0.0,0.0,0.0,0.0,0.0,0.0,0.0,0.0,6.971623585121864,0.0,0.0,0.0,0.0,0.0,0.0,0.0,0.0,0.0,0.0,0.321128791447258,-0.9307640753200064,0.7313448138635198,-0.3246439970511763,10.869130942620568,-0.6950628915819955,2.986570094524837,-0.3828341754165474,0.2666664165818345,-0.5232487700318161,0.2283697564010819,0.3229926918898622,1.0814345521636397,0.7551618869311372,2.919948970442007
W0021,3,0.0,0.0,0.0,0.0,0.0,0.0,0.0,0.0,0.0,0.0,0.0,0.0,0.0,0.0,0.0,0.0,0.0,0.0,0.0,6.935112519321802,0.0,0.0,0.0,0.0,0.0,0.0,0.0,0.0,0.0,0.0,-0.2126447479096117,-0.571829509663461,0.4658934990148107,0.594636440543219,12.61219711207965,0.5020923349690083,2.625627796679063,0.525832582264259,0.2028236884524375,-0.297256481871728,0.2541853789463372,-0.0403250753181297,2.6967288931849303,0.999768694373939,4.024472083727608
W0021,4,0.0,0.0,0.0,0.0,0.0,0.0,0.0,0.0,0.0,0.0,0.0,0.0,0.0,0.0,0.0,0.0,0.0,0.0,0.0,5.26315531900173,0.0,0.0,0.0,0.0,0.0,0.0,0.0,0.0,0.0,0.0,0.1815994333916553,-0.0728718782809737,-0.3452889013703958,0.4956158957494646,9.455243725497771,-0.4640499354879964,2.814050596439049,0.3451835091143668,0.4404338646751937,0.3681412187362048,-0.0094635976533975,-0.110918895709245,3.56487542611036,0.6889058625013995,3.258375674962453
W0021,5,0.0,0.0,0.0,0.0,0.0,0.0,0.0,0.0,0.0,0.0,0.0,0.0,0.0,0.0,0.0,0.0,0.0,0.0,0.0,3.558707451968496,0.0,0.0,0.0,0.0,0.0,0.0,0.0,0.0,0.0,0.0,-0.5859318066439886,-0.0214289016862443,0.6739879860249645,0.5807191092163685,12.782661385737804,0.1988747243366994,2.204540231163761,-0.8514956890672357,0.0314653398703769,0.5289992986608567,0.0181628973430333,0.0578864021137286,3.2207628067511296,0.9798150341116444,1.20068241723388
W0021,6,0.0,0.0,0.0,0.0,0.0,0.0,0.0,0.0,0.0,0.0,0.0,0.0,0.0,0.0,0.0,0.0,0.0,0.0,0.0,2.0465531199549063,0.0,0.0,0.0,0.0,0.0,0.0,0.0,0.0,0.0,0.0,0.4153304660007634,0.8804728160917058,0.118369452090751,-0.2997569565568159,8.272625651298519,-0.1619160205832685,1.6117713445167374,-0.1394884116554672,0.2279883550490475,0.201383008291346,-0.0307725821931183,1.0622745931055189,2.931275716002261,1.2683375977364433,3.580837168618621
W0022,0,0.0,0.0,0.0,0.0,0.0,0.0,0.0,0.0,0.0,0.0,0.0,0.0,0.0,0.0,0.0,0.0,0.0,0.0,0.0,0.0,3.0,0.0,0.0,0.0,0.0,0.0,0.0,0.0,0.0,0.0,35.0,0.0,0.0,0.0,0.0,0.0,0.0,0.0,0.0,0.0,0.0,0.0,0.0,0.0,0.0
W0022,1,0.0,0.0,0.0,0.0,0.0,0.0,0.0,0.0,0.0,0.0,0.0,0.0,0.0,0.0,0.0,0.0,0.0,0.0,0.0,0.0,10.762347753484867,0.0,0.0,0.0,0.0,0.0,0.0,0.0,0.0,0.0,2.1435248915001326,-0.2296363366317877,2.404415763173838,0.38693848858962,0.64697841583665,0.1502561712529493,7.306478891747828,7.105051480034077,0.431892217645592,1.890990224399796,-0.7719895450888788,-0.1090911324645133,0.9143436113064902,1.8351384922861915,0.4112215544139062
W0022,2,0.0,0.0,0.0,0.0,0.0,0.0,0.0,0.0,0.0,0.0,0.0,0.0,0.0,0.0,0.0,0.0,0.0,0.0,0.0,0.0,8.960196237204702,0.0,0.0,0.0,0.0,0.0,0.0,0.0,0.0,0.0,0.0803818601086086,0.0616171362568277,4.340484634234099,-0.5202723319250859,0.2373881607716836,-0.3901862365517555,5.478433783377467,6.7382334812136255,1.3406116692576144,0.2801508478572636,0.4642078155499296,0.1813322327797406,0.6232786037993489,3.811459959286699,0.2827117529346464
W0022,3,0.0,0.0,0.0,0.0,0.0,0.0,0.0,0.0,0.0,0.0,0.0,0.0,0.0,0.0,0.0,0.0,0.0,0.0,0.0,0.0,6.115643879943356,0.0,0.0,0.0,0.0,0.0,0.0,0.0,0.0,0.0,0.3687447606983458,0.3013032425871094,3.0382150865210784,0.0017904432138231,-0.3442106386770178,0.1324953695318864,5.30515350350264,6.475547013419857,0.2429792258935033,-0.430425784247596,-0.1721606778270234,0.3683013004905615,0.698831796415918,2.93764139948348,0.5330778610702154
W0022,4,0.0,0.0,0.0,0.0,0.0,0.0,0.0,0.0,0.0,0.0,0.0,0.0,0.0,0.0,0.0,0.0,0.0,0.0,0.0,0.0,4.895051110765779,0.0,0.0,0.0,0.0,0.0,0.0,0.0,0.0,0.0,-0.102188153682677,-0.3775309740395932,2.392286458295834,-0.2232098948333746,0.2963711661362126,-0.1985736406943022,5.990152680605806,9.108719099726503,0.6853463602689248,0.3066847366178748,-0.5965641110416927,0.5610220280175877,1.1459433120406242,3.298587787314315,1.8729177232387708
W0022,5,0.0,0.0,0.0,0.0,0.0,0.0,0.0,0.0,0.0,0.0,0.0,0.0,0.0,0.0,0.0,0.0,0.0,0.0,0.0,0.0,3.5099562185418223,0.0,0.0,0.0,0.0,0.0,0.0,0.0,0.0,0.0,0.2226323616757282,-0.2474267479697837,1.741896541313818,-0.1601768596589967,0.0474438283036342,-0.237371406495988,7.298498532384944,6.5453312702478055,0.4168702689660565,-0.2171917437622038,-0.373809382650491,0.0411458739639041,0.4871427708183317,2.0438034598822234,0.018994087084851
W0022,6,0.0,0.0,0.0,0.0,0.0,0.0,0.0,0.0,0.0,0.0,0.0,0.0,0.0,0.0,0.0,0.0,0.0,0.0,0.0,0.0,1.5435926791487824,0.0,0.0,0.0,0.0,0.0,0.0,0.0,0.0,0.0,0.0211172095883372,0.1982206491195265,1.8740987708830548,-0.3461701178197174,0.3111244581679513,-0.2866661051932212,8.127050989147733,8.671948529173315,-0.7587198923749094,0.7435684170580965,-0.6624100319790508,-0.8422350597195216,1.0082222511605845,4.2843214196131605,0.7206398587508778
W0023,0,0.0,0.0,0.0,0.0,0.0,0.0,0.0,0.0,0.0,0.0,0.0,0.0,0.0,0.0,0.0,0.0,0.0,0.0,0.0,0.0,0.0,3.0,0.0,0.0,0.0,0.0,0.0,0.0,0.0,0.0,35.0,0.0,0.0,0.0,0.0,0.0,0.0,0.0,0.0,0.0,0.0,0.0,0.0,0.0,0.0
W0023,1,0.0,0.0,0.0,0.0,0.0,0.0,0.0,0.0,0.0,0.0,0.0,0.0,0.0,0.0,0.0,0.0,0.0,0.0,0.0,0.0,0.0,8.779332763781593,0.0,0.0,0.0,0.0,0.0,0.0,0.0,0.0,4.090848372835792,0.5908264161260237,0.3015490378182724,1.187703211110647,4.020028952017828,6.672546238361946,-0.3851351514249324,0.917414605853125,0.3591454827770209,0.8763215010247943,-0.0646131573808889,-0.5940823506954538,3.19139580098436,0.5596850162259175,0.8957741468469523
W0023,2,0.0,0.0,0.0,0.0,0.0,0.0,0.0,0.0,0.0,0.0,0.0,0.0,0.0,0.0,0.0,0.0,0.0,0.0,0.0,0.0,0.0,11.76356823765114,0.0,0.0,0.0,0.0,0.0,0.0,0.0,0.0,0.0938243228527427,2.8437032991050755,0.1838746134453946,1.8155638802342355,0.2856500520895186,4.402670722294561,0.1925526386081131,0.9422807135947266,0.3633156483662488,0.4700602557022804,0.1700333563353819,0.4787659369421404,6.555729614214054,2.793396356527307,1.428289664295931
W0023,3,0.0,0.0,0.0,0.0,0.0,0.0,0.0,0.0,0.0,0.0,0.0,0.0,0.0,0.0,0.0,0.0,0.0,0.0,0.0,0.0,0.0,8.193569530993836,0.0,0.0,0.0,0.0,0.0,0.0,0.0,0.0,-0.3664429653135124,1.7758900412627077,-0.1597612636049326,0.1406233157517327,2.3174635102218013,3.4260032741001014,0.4338025733274158,0.7596027217467957,0.1130302884673966,0.8117096449552677,0.3708895557548129,0.6903705024374683,6.619474160551665,2.302953440158409,1.214532284062804
W0023,4,0.0,0.0,0.0,0.0,0.0,0.0,0.0,0.0,0.0,0.0,0.0,0.0,0.0,0.0,0.0,0.0,0.0,0.0,0.0,0.0,0.0,4.230558831809658,0.0,0.0,0.0,0.0,0.0,0.0,0.0,0.0,-0.5814221068969601,2.450088545375197,-0.2029073841776218,0.7499015006073628,0.6216055663504774,1.560158922016113,0.1076874609664729,-0.2719156970048472,-0.4736011382983359,0.1574938045653678,-0.4289826181157352,-0.1139910886058429,6.820617164256529,3.138668061794079,2.072600850592329
W0023,5,0.0,0.0,0.0,0.0,0.0,0.0,0.0,0.0,0.0,0.0,0.0,0.0,0.0,0.0,0.0,0.0,0.0,0.0,0.0,0.0,0.0,6.061933568028846,0.0,0.0,0.0,0.0,0.0,0.0,0.0,0.0,0.1059430241907512,1.174846857299698,0.5459484220369946,0.1771968906722352,0.3503406809748296,1.0827215697537325,0.6805815478773033,0.5617969005232607,0.2451473464983573,0.7688304199907365,-0.4543936052286086,-0.3627021050299781,4.9463676544077,2.6920265965921075,1.9665216192708397
W0023,6,0.0,0.0,0.0,0.0,0.0,0.0,0.0,0.0,0.0,0.0,0.0,0.0,0.0,0.0,0.0,0.0,0.0,0.0,0.0,0.0,0.0,3.68815761447668,0.0,0.0,0.0,0.0,0.0,0.0,0.0,0.0,-0.1620479258676977,1.8816048084467365,0.3815332721577476,-0.1407100926494327,1.0210141805365711,1.3398412130722883,1.1118849501435644,0.4063508089421691,-0.5399903491157262,0.2155400957833176,0.0680463163144467,0.45031660887353,8.410080126371717,2.5424599311888887,1.8341705212138204
W0024,0,0.0,0.0,0.0,0.0,0.0,0.0,0.0,0.0,0.0,0.0,0.0,0.0,0.0,0.0,0.0,0.0,0.0,0.0,0.0,0.0,0.0,0.0,3.0,0.0,0.0,0.0,0.0,0.0,0.0,0.0,35.0,0.0,0.0,0.0,0.0,0.0,0.0,0.0,0.0,0.0,0.0,0.0,0.0,0.0,0.0
W0024,1,0.0,0.0,0.0,0.0,0.0,0.0,0.0,0.0,0.0,0.0,0.0,0.0,0.0,0.0,0.0,0.0,0.0,0.0,0.0,0.0,0.0,0.0,8.360768145893836,0.0,0.0,0.0,0.0,0.0,0.0,0.0,1.6923961349038967,1.526085461671829,7.989982966044041,1.189794728999818,0.4984501357766981,1.8638894319815236,0.9223530370836956,0.3572652300843632,1.6886711820114149,-1.4224073309980292,0.1319270671831451,0.0727322766591377,-0.0933081059467142,0.503098813697805,4.634098365208113
W0024,2,0.0,0.0,0.0,0.0,0.0,0.0,0.0,0.0,0.0,0.0,0.0,0.0,0.0,0.0,0.0,0.0,0.0,0.0,0.0,0.0,0.0,0.0,18.02512615588176,0.0,0.0,0.0,0.0,0.0,0.0,0.0,-0.4051519846681266,0.7945680759356167,1.3020985012200228,-0.112284545393846,1.5909767827088217,0.7218444376522237,0.0676439462522953,1.1729507445696987,1.183244476366306,-0.0564757671200046,0.3028254859346794,0.1800313537781654,0.7293772693868702,0.7156964137018462,6.8208460779594855
W0024,3,0.0,0.0,0.0,0.0,0.0,0.0,0.0,0.0,0.0,0.0,0.0,0.0,0.0,0.0,0.0,0.0,0.0,0.0,0.0,0.0,0.0,0.0,5.326067559853993,0.0,0.0,0.0,0.0,0.0,0.0,0.0,0.132795522777963,-0.0032747894228625,-0.0328009417641425,0.1616248243707732,1.0439475936814675,0.3002223431867352,-0.2703144811034969,-0.0737075451984844,0.4671495337612937,0.5340449134032699,0.8738290507365547,-0.7262390210043923,0.847987759563712,0.2763690501298244,7.897370040187136
W0024,4,0.0,0.0,0.0,0.0,0.0,0.0,0.0,0.0,0.0,0.0,0.0,0.0,0.0,0.0,0.0,0.0,0.0,0.0,0.0,0.0,0.0,0.0,8.286489057681944,0.0,0.0,0.0,0.0,0.0,0.0,0.0,-0.517759514438418,0.6984697675859037,0.6624336745731587,0.3246412467215451,0.5937428009535319,-0.2992133848075469,0.0847225104842256,0.2651467567680839,0.9038983541112404,0.2105550355731367,-0.0091757638397357,-0.323339957151023,0.7121691968872356,0.8591152819885668,7.109268647508203
W0024,5,0.0,0.0,0.0,0.0,0.0,0.0,0.0,0.0,0.0,0.0,0.0,0.0,0.0,0.0,0.0,0.0,0.0,0.0,0.0,0.0,0.0,0.0,9.152469817930418,0.0,0.0,0.0,0.0,0.0,0.0,0.0,0.4607457675061964,0.5507111444496242,-0.4230446560539098,-0.1463675387657722,0.5830603892341568,0.2407715342996217,-0.021772379616501,0.3856148470555047,-0.0511590736146853,0.2932240259054388,1.5952870854187249,-0.5335074648339768,0.3213473227032059,1.7964855303204508,9.128345411917811
W0024,6,0.0,0.0,0.0,0.0,0.0,0.0,0.0,0.0,0.0,0.0,0.0,0.0,0.0,0.0,0.0,0.0,0.0,0.0,0.0,0.0,0.0,0.0,6.229453011921452,0.0,0.0,0.0,0.0,0.0,0.0,0.0,0.3290599663553893,0.3612742988722686,0.3679828875654873,-0.8326037236221656,1.315089579346473,0.0729505559529747,0.2018356962590972,0.5954628408512679,0.119746617284588,-0.0178414363377792,0.8753810379534118,0.0233589300792072,0.4548023872229075,1.451810869884337,10.38112161686601
W0025,0,0.0,0.0,0.0,0.0,0.0,0.0,0.0,0.0,0.0,0.0,0.0,0.0,0.0,0.0,0.0,0.0,0.0,0.0,0.0,0.0,0.0,0.0,0.0,3.0,0.0,0.0,0.0,0.0,0.0,0.0,35.0,0.0,0.0,0.0,0.0,0.0,0.0,0.0,0.0,0.0,0.0,0.0,0.0,0.0,0.0
W0025,1,0.0,0.0,0.0,0.0,0.0,0.0,0.0,0.0,0.0,0.0,0.0,0.0,0.0,0.0,0.0,0.0,0.0,0.0,0.0,0.0,0.0,0.0,0.0,10.278434952339706,0.0,0.0,0.0,0.0,0.0,0.0,3.939234272571455,0.0546309218654721,0.0462537373452349,0.5404472571224928,1.117989694265054,-0.2162069432603911,4.693412136753241,4.678993446207967,0.7780316147024122,2.976732332467747,0.0881823131475323,0.4116234326993762,1.2011154718780808,-0.5813436582652887,0.3120390754388477
W0025,2,0.0,0.0,0.0,0.0,0.0,0.0,0.0,0.0,0.0,0.0,0.0,0.0,0.0,0.0,0.0,0.0,0.0,0.0,0.0,0.0,0.0,0.0,0.0,11.84516995351247,0.0,0.0,0.0,0.0,0.0,0.0,0.1274621894610717,2.412391599451164,0.4530260915272329,0.2788271254008547,0.947591479126511,-0.6196738579594665,4.537033046099209,1.5783304238786244,0.8932490965108753,0.7060572233237672,-0.3306909554884847,-0.6079686801038675,1.438820917500322,0.362409200518641,1.29082067227649
W0025,3,0.0,0.0,0.0,0.0,0.0,0.0,0.0,0.0,0.0,0.0,0.0,0.0,0.0,0.0,0.0,0.0,0.0,0.0,0.0,0.0,0.0,0.0,0.0,7.421183491484518,0.0,0.0,0.0,0.0,0.0,0.0,-0.3125486253444004,2.7488529905574746,0.385354920826535,-0.1373165299372692,-0.4030360995461178,1.1259165216890146,3.2428589733719777,1.2325354626840717,0.7325625426796718,1.0884819551064653,0.6388300618912085,0.2798075453185575,3.234769910687995,0.8677298109951068,0.7100682362832669
W0025,4,0.0,0.0,0.0,0.0,0.0,0.0,0.0,0.0,0.0,0.0,0.0,0.0,0.0,0.0,0.0,0.0,0.0,0.0,0.0,0.0,0.0,0.0,0.0,10.730739261139814,0.0,0.0,0.0,0.0,0.0,0.0,-0.0239439069608792,4.144785433397243,0.2256614922079958,-0.118300707959329,0.3907293077687637,-0.2793595424677098,2.231299993915543,0.3247970705176933,0.3998116949437415,0.0419487320753362,-0.4186950319004266,-0.0580990079658575,1.8878040658510529,0.2989759700454618,2.3810302997989115
W0025,5,0.0,0.0,0.0,0.0,0.0,0.0,0.0,0.0,0.0,0.0,0.0,0.0,0.0,0.0,0.0,0.0,0.0,0.0,0.0,0.0,0.0,0.0,0.0,8.07000018875849,0.0,0.0,0.0,0.0,0.0,0.0,-0.2047226418122683,4.914949660824476,0.4887409798647685,-0.5319042492589899,0.4276654857384512,-0.2998646362912643,0.9934973347465794,0.726437905263462,-0.1766321091217521,0.013017720747996,-0.501991109543156,0.2975336417826215,4.735043185271225,0.9524980846208946,1.770014403049926
W0025,6,0.0,0.0,0.0,0.0,0.0,0.0,0.0,0.0,0.0,0.0,0.0,0.0,0.0,0.0,0.0,0.0,0.0,0.0,0.0,0.0,0.0,0.0,0.0,5.65325693567516,0.0,0.0,0.0,0.0,0.0,0.0,-0.1017745856417496,3.863877257281768,0.6019183436704221,-0.3487635186008913,0.0543235852832597,0.457878014690105,1.1002354840565804,0.022781872052121,-0.3610286899432272,0.1399556545169608,-0.3702820991492948,0.3275837352529449,3.208576517911098,0.808569956462583,1.7563236654456271
W0026,0,0.0,0.0,0.0,0.0,0.0,0.0,0.0,0.0,0.0,0.0,0.0,0.0,0.0,0.0,0.0,0.0,0.0,0.0,0.0,0.0,0.0,0.0,0.0,0.0,3.0,0.0,0.0,0.0,0.0,0.0,35.0,0.0,0.0,0.0,0.0,0.0,0.0,0.0,0.0,0.0,0.0,0.0,0.0,0.0,0.0
W0026,1,0.0,0.0,0.0,0.0,0.0,0.0,0.0,0.0,0.0,0.0,0.0,0.0,0.0,0.0,0.0,0.0,0.0,0.0,0.0,0.0,0.0,0.0,0.0,0.0,11.733149750558178,0.0,0.0,0.0,0.0,0.0,1.2457597443153747,0.8968337695263395,1.5232875675136168,0.3650562318401328,0.1718062157803346,0.5780643262849248,1.798408554804468,7.265536301101909,0.7109388411289442,-0.280783648465197,0.0817975792474212,4.283509112032784,0.8593635329076014,2.344506408650321,0.8000992982800916
W0026,2,0.0,0.0,0.0,0.0,0.0,0.0,0.0,0.0,0.0,0.0,0.0,0.0,0.0,0.0,0.0,0.0,0.0,0.0,0.0,0.0,0.0,0.0,0.0,0.0,12.20236298222539,0.0,0.0,0.0,0.0,0.0,0.4271856368695618,1.061790419829984,0.7017303708565759,-0.1502548901375298,-0.0194846510762388,1.5278136794495292,2.6370513564942164,2.2750132728433305,0.8106219637727926,1.2806053768600805,0.7242343948022565,2.0093099749494585,0.6465499126387624,3.677305155320885,2.9425792358943808
W0026,3,0.0,0.0,0.0,0.0,0.0,0.0,0.0,0.0,0.0,0.0,0.0,0.0,0.0,0.0,0.0,0.0,0.0,0.0,0.0,0.0,0.0,0.0,0.0,0.0,13.531549548788735,0.0,0.0,0.0,0.0,0.0,-0.0085842836581043,0.8625410003010812,0.7531088536050493,0.0544513248374096,-0.4371554485211889,0.4727099902618099,4.016287385805145,0.05183352414539,0.5916145522310585,0.5768475533726867,0.5763431296662189,1.2053505480453666,0.3759404195185075,6.883985247755741,2.5408478244237678
W0026,4,0.0,0.0,0.0,0.0,0.0,0.0,0.0,0.0,0.0,0.0,0.0,0.0,0.0,0.0,0.0,0.0,0.0,0.0,0.0,0.0,0.0,0.0,0.0,0.0,8.059630473084495,0.0,0.0,0.0,0.0,0.0,0.3816543602543614,1.9879973319601048,0.72644305123301,0.4015528211942268,0.3173073896667311,0.4625442252482931,2.3736166300695083,0.1596380225132073,0.5140028500334133,-0.0393732103639296,0.1309586744573322,0.4828381903446742,0.7314878790937708,4.363647027234747,2.932828445135501
W0026,5,0.0,0.0,0.0,0.0,0.0,0.0,0.0,0.0,0.0,0.0,0.0,0.0,0.0,0.0,0.0,0.0,0.0,0.0,0.0,0.0,0.0,0.0,0.0,0.0,4.46616786851625,0.0,0.0,0.0,0.0,0.0,-0.3722874973123111,1.7829518115999186,1.3810305004966263,0.6142065003298623,-0.3060446887600568,0.2454572897057197,2.764233423101964,0.4369327608790843,0.357713917270815,0.9723802366734102,0.5510628996872001,0.4292804947438396,0.6111610271540742,4.885690020801085,2.562931862394131
W0026,6,0.0,0.0,0.0,0.0,0.0,0.0,0.0,0.0,0.0,0.0,0.0,0.0,0.0,0.0,0.0,0.0,0.0,0.0,0.0,0.0,0.0,0.0,0.0,0.0,4.0527039928457205,0.0,0.0,0.0,0.0,0.0,0.0558480433181604,0.9633154024510672,0.747900651598223,-0.136680866437639,-0.7134875922311398,-0.7648122733539943,3.757809439584947,-0.6649929236287588,0.82000636815155,0.8829540720523577,-0.0438755372184493,0.034861539078923,0.2908669240376849,5.948134312663127,3.053026557378577
W0027,0,0.0,0.0,0.0,0.0,0.0,0.0,0.0,0.0,0.0,0.0,0.0,0.0,0.0,0.0,0.0,0.0,0.0,0.0,0.0,0.0,0.0,0.0,0.0,0.0,0.0,3.0,0.0,0.0,0.0,0.0,35.0,0.0,0.0,0.0,0.0,0.0,0.0,0.0,0.0,0.0,0.0,0.0,0.0,0.0,0.0
W0027,1,0.0,0.0,0.0,0.0,0.0,0.0,0.0,0.0,0.0,0.0,0.0,0.0,0.0,0.0,0.0,0.0,0.0,0.0,0.0,0.0,0.0,0.0,0.0,0.0,0.0,12.119429279274062,0.0,0.0,0.0,0.0,5.625382323186298,-0.4165055611593514,0.3366861210581337,-0.7445423495093832,0.1390277703997778,1.4723091243285438,7.050748254385393,2.5110311591449843,0.0481237330135101,0.212563455011767,1.436703738159246,0.3519414254856497,1.2453374863209874,2.068865062343445,0.9753704465556732
W0027,2,0.0,0.0,0.0,0.0,0.0,0.0,0.0,0.0,0.0,0.0,0.0,0.0,0.0,0.0,0.0,0.0,0.0,0.0,0.0,0.0,0.0,0.0,0.0,0.0,0.0,11.401481489362151,0.0,0.0,0.0,0.0,1.2640582160548568,0.2433474685674544,-0.2639836032255142,0.0042501884091014,-0.2068132332074975,0.0803149225448045,9.928396800325384,2.2062055043385054,0.5059372826383048,-0.244706667536222,2.1694654904183377,-0.2369921460668541,1.292836169101514,2.419932023199146,1.5816643264390648
W0027,3,0.0,0.0,0.0,0.0,0.0,0.0,0.0,0.0,0.0,0.0,0.0,0.0,0.0,0.0,0.0,0.0,0.0,0.0,0.0,0.0,0.0,0.0,0.0,0.0,0.0,6.668356488402289,0.0,0.0,0.0,0.0,0.8975133553662085,0.6063654135330812,0.1846972536039283,0.0803866847014657,-0.1068932940202453,0.0227421086875223,9.152840971759844,1.9754669571485772,-0.5615761804560637,0.1081915416890666,1.4332667112502755,0.4069935979290289,1.5828889738170764,1.733618240173317,1.276265732431014
W0027,4,0.0,0.0,0.0,0.0,0.0,0.0,0.0,0.0,0.0,0.0,0.0,0.0,0.0,0.0,0.0,0.0,0.0,0.0,0.0,0.0,0.0,0.0,0.0,0.0,0.0,5.490399362262678,0.0,0.0,0.0,0.0,0.1248055079846501,-0.0599692627543077,-0.2223202854715605,0.2321958735674162,0.2981905462058248,0.0263671179633461,12.912299040612073,0.6895691632058152,0.3216148447889819,0.5974429184238448,1.1936471884312363,0.2070745915689411,0.8495482956682437,2.485261237979838,1.7692623167892576
W0027,5,0.0,0.0,0.0,0.0,0.0,0.0,0.0,0.0,0.0,0.0,0.0,0.0,0.0,0.0,0.0,0.0,0.0,0.0,0.0,0.0,0.0,0.0,0.0,0.0,0.0,5.70604240469921,0.0,0.0,0.0,0.0,-0.1262423611248929,-0.5152635672465332,0.0593710009710626,0.482925525194928,-0.4705063867432718,0.0716068578794767,9.084980898643508,0.438893207259992,-0.5770786213951192,-0.5187888463035448,0.5411887241346254,0.2566861754549951,0.5835458633194902,2.39915468382818,0.3820749899896152
W0027,6,0.0,0.0,0.0,0.0,0.0,0.0,0.0,0.0,0.0,0.0,0.0,0.0,0.0,0.0,0.0,0.0,0.0,0.0,0.0,0.0,0.0,0.0,0.0,0.0,0.0,2.8519620167582915,0.0,0.0,0.0,0.0,0.5241064450150225,-0.5879122395037264,0.5052992478418017,0.1083843564917095,-0.3791673354424672,-0.5481924027121798,8.3331667775645,0.576019360787311,0.0215724208127989,-0.3639830098207849,0.8252444100931143,-0.2862769107162575,0.6010937008715569,4.195397080597493,1.9104327491305677
W0028,0,0.0,0.0,0.0,0.0,0.0,0.0,0.0,0.0,0.0,0.0,0.0,0.0,0.0,0.0,0.0,0.0,0.0,0.0,0.0,0.0,0.0,0.0,0.0,0.0,0.0,0.0,3.0,0.0,0.0,0.0,35.0,0.0,0.0,0.0,0.0,0.0,0.0,0.0,0.0,0.0,0.0,0.0,0.0,0.0,0.0
W0028,1,0.0,0.0,0.0,0.0,0.0,0.0,0.0,0.0,0.0,0.0,0.0,0.0,0.0,0.0,0.0,0.0,0.0,0.0,0.0,0.0,0.0,0.0,0.0,0.0,0.0,0.0,11.15017113772513,0.0,0.0,0.0,0.8638672959630902,1.5309873098524476,5.325993035634985,0.2481452771720512,-0.4109889125715,1.713346623342054,0.0791646155882013,0.6480422532399666,-0.0285042441801331,0.93696332616066,4.812870928365453,0.10632390910785,0.4845498255308161,10.384420008518664,-0.0326698803724594
W0028,2,0.0,0.0,0.0,0.0,0.0,0.0,0.0,0.0,0.0,0.0,0.0,0.0,0.0,0.0,0.0,0.0,0.0,0.0,0.0,0.0,0.0,0.0,0.0,0.0,0.0,0.0,9.416188798046026,0.0,0.0,0.0,-0.2580415089475731,3.323071909163043,4.506164206554958,-0.1856980008516683,0.0758258611064395,-0.7765085275932719,-0.3517267497897355,0.5090831069572133,-0.1954513405685694,0.2154821787318409,2.3189372672818465,0.1691292291491607,0.3171774888165967,6.3565508774021815,0.6198047096199394
W0028,3,0.0,0.0,0.0,0.0,0.0,0.0,0.0,0.0,0.0,0.0,0.0,0.0,0.0,0.0,0.0,0.0,0.0,0.0,0.0,0.0,0.0,0.0,0.0,0.0,0.0,0.0,8.214808524932016,0.0,0.0,0.0,0.0258019199406975,1.6105902525578597,5.684243198558594,0.0461045855004191,-0.0289048117019715,0.1187478177464301,1.6298309713717107,0.5261960014425988,-0.1113240845259699,-0.5156427713603592,5.283925760559695,0.2979238088210062,0.4888719630748063,10.044088047088357,-0.6112800029259161
W0028,4,0.0,0.0,0.0,0.0,0.0,0.0,0.0,0.0,0.0,0.0,0.0,0.0,0.0,0.0,0.0,0.0,0.0,0.0,0.0,0.0,0.0,0.0,0.0,0.0,0.0,0.0,8.454392870924591,0.0,0.0,0.0,0.9249600621022016,3.76366762610178,4.8516573963604674,0.182490432644022,-0.2233540522397979,0.1297645215360454,1.6950907285283736,0.3890490561860963,0.6348743140550376,0.5867898677526245,2.713432046840788,-0.2890289692471398,0.1181440050094568,4.7895494538091175,-0.6272407741137086
W0028,5,0.0,0.0,0.0,0.0,0.0,0.0,0.0,0.0,0.0,0.0,0.0,0.0,0.0,0.0,0.0,0.0,0.0,0.0,0.0,0.0,0.0,0.0,0.0,0.0,0.0,0.0,2.457691756392798,0.0,0.0,0.0,-0.0709657927436248,4.582841993947744,3.2176000533407167,0.0349112325619557,0.2234460678057763,-0.0542989321693263,0.5795891419803858,-0.7323790122701495,-0.6850465508885585,-0.3279660638443208,4.5802251263307,0.4499494494991401,-0.1402073932449438,9.791964918022774,0.1194100031023586
W0028,6,0.0,0.0,0.0,0.0,0.0,0.0,0.0,0.0,0.0,0.0,0.0,0.0,0.0,0.0,0.0,0.0,0.0,0.0,0.0,0.0,0.0,0.0,0.0,0.0,0.0,0.0,2.4096054656060204,0.0,0.0,0.0,-0.6215856861273462,3.3448889551834906,5.23576049645946,0.3353033790016264,0.5263469750687306,0.1762126862888784,0.151957581101609,-0.5654139536463854,-0.0252048916633695,0.3402499394460272,7.8359103737637135,1.0224432714599705,-0.1560760312267576,5.26812171689401,0.1026838749758332
W0029,0,0.0,0.0,0.0,0.0,0.0,0.0,0.0,0.0,0.0,0.0,0.0,0.0,0.0,0.0,0.0,0.0,0.0,0.0,0.0,0.0,0.0,0.0,0.0,0.0,0.0,0.0,0.0,3.0,0.0,0.0,35.0,0.0,0.0,0.0,0.0,0.0,0.0,0.0,0.0,0.0,0.0,0.0,0.0,0.0,0.0
W0029,1,0.0,0.0,0.0,0.0,0.0,0.0,0.0,0.0,0.0,0.0,0.0,0.0,0.0,0.0,0.0,0.0,0.0,0.0,0.0,0.0,0.0,0.0,0.0,0.0,0.0,0.0,0.0,16.962662081874285,0.0,0.0,0.6810695041662205,8.10890879649013,0.5002136606370989,1.296814239616085,2.439486507691002,0.6432933212299201,0.4976293544228442,0.6529141018270719,0.7383794741064886,0.0358242725224717,0.1473485111605194,-0.2905578902736083,3.36552723968147,0.2842128370448664,0.5425290559780616
W0029,2,0.0,0.0,0.0,0.0,0.0,0.0,0.0,0.0,0.0,0.0,0.0,0.0,0.0,0.0,0.0,0.0,0.0,0.0,0.0,0.0,0.0,0.0,0.0,0.0,0.0,0.0,0.0,17.600392855691524,0.0,0.0,0.9106431205605412,7.555919278857409,0.5616287015758412,0.644919525059996,0.950984948472976,0.3930757322208046,-0.2948163445358002,1.3781462059059095,0.6742950093096334,0.885730521170154,0.6161748598770287,-0.0692990796830823,1.9032060368388812,0.4122447779954969,1.5235714753963607
W0029,3,0.0,0.0,0.0,0.0,0.0,0.0,0.0,0.0,0.0,0.0,0.0,0.0,0.0,0.0,0.0,0.0,0.0,0.0,0.0,0.0,0.0,0.0,0.0,0.0,0.0,0.0,0.0,13.5442904797364,0.0,0.0,0.3280337038713093,4.662360968181317,1.6533712550412265,1.2792890149437397,1.5306663220581198,0.6513963305498367,-0.886264610814122,0.8298082785167777,1.4027889028280809,1.1183264035103513,0.3718576339927075,0.2095976175505338,1.4109748670204232,1.0699563437373696,2.2002268905755056
W0029,4,0.0,0.0,0.0,0.0,0.0,0.0,0.0,0.0,0.0,0.0,0.0,0.0,0.0,0.0,0.0,0.0,0.0,0.0,0.0,0.0,0.0,0.0,0.0,0.0,0.0,0.0,0.0,9.859875019566646,0.0,0.0,-0.1976610927828918,3.2327013105200644,0.0361895992125602,0.4446033471333368,0.2039768139489755,0.4344334153581514,-0.1789693532755635,-0.816020404500855,1.5482449790920214,-0.7411975607850239,0.1588503847639417,0.6287580133843657,1.3924690866349831,0.465069231073889,2.3281423962069203
W0029,5,0.0,0.0,0.0,0.0,0.0,0.0,0.0,0.0,0.0,0.0,0.0,0.0,0.0,0.0,0.0,0.0,0.0,0.0,0.0,0.0,0.0,0.0,0.0,0.0,0.0,0.0,0.0,7.513628276423976,0.0,0.0,-0.7022817086893752,2.5604275729019546,0.682976083580053,0.3708113121731455,0.3646419272899759,0.0233547668004419,0.489672140339542,0.95376235888997,1.4679983225526794,-0.0598054604808287,-0.5233088597754412,0.3828654599327736,1.051910706078762,0.407866294923208,3.0346770083530425
W0029,6,0.0,0.0,0.0,0.0,0.0,0.0,0.0,0.0,0.0,0.0,0.0,0.0,0.0,0.0,0.0,0.0,0.0,0.0,0.0,0.0,0.0,0.0,0.0,0.0,0.0,0.0,0.0,5.8321835795544725,0.0,0.0,-0.8875798189563731,2.3399397406074613,1.1550931761117469,0.6987313877157031,-0.3701050850740043,0.3454957180791689,-0.0602160146201663,0.920087621929395,1.563215500288312,-0.1151792621063833,0.8946520730322542,0.1232220818753324,1.072767102843021,-0.0499783018053017,3.116539633679018
W0030,0,0.0,0.0,0.0,0.0,0.0,0.0,0.0,0.0,0.0,0.0,0.0,0.0,0.0,0.0,0.0,0.0,0.0,0.0,0.0,0.0,0.0,0.0,0.0,0.0,0.0,0.0,0.0,0.0,3.0,0.0,35.0,0.0,0.0,0.0,0.0,0.0,0.0,0.0,0.0,0.0,0.0,0.0,0.0,0.0,0.0
W0030,1,0.0,0.0,0.0,0.0,0.0,0.0,0.0,0.0,0.0,0.0,0.0,0.0,0.0,0.0,0.0,0.0,0.0,0.0,0.0,0.0,0.0,0.0,0.0,0.0,0.0,0.0,0.0,0.0,13.28566442629688,0.0,0.0908221999211076,1.63219786724004,0.9564201012891403,3.628570499843637,0.4954513260906692,0.1491640227445942,1.0611504976816444,1.0194571616101489,0.8665451480416287,0.7691048401525837,0.9467899060625272,1.5409973376155874,1.770033928752614,2.457994677797535,2.768226905849219
W0030,2,0.0,0.0,0.0,0.0,0.0,0.0,0.0,0.0,0.0,0.0,0.0,0.0,0.0,0.0,0.0,0.0,0.0,0.0,0.0,0.0,0.0,0.0,0.0,0.0,0.0,0.0,0.0,0.0,12.390304302399636,0.0,0.3201944490300167,-0.0263590972047692,0.7503777844413411,2.117339704022874,-0.037146271385569,0.0714244878085468,0.7009998093721753,0.0113045758030391,0.1040511986719297,0.4365856734597638,0.343200134051159,2.8763555095405864,1.5119273587669255,2.9940339803591387,2.360671224530061
W0030,3,0.0,0.0,0.0,0.0,0.0,0.0,0.0,0.0,0.0,0.0,0.0,0.0,0.0,0.0,0.0,0.0,0.0,0.0,0.0,0.0,0.0,0.0,0.0,0.0,0.0,0.0,0.0,0.0,11.54821964248579,0.0,-0.3022196436109351,0.2521592832139968,0.1924821379228952,1.897262272264772,-0.0728450614291843,-0.0470482918607431,1.5076420383162403,0.4273873361791976,1.1621327448197754,0.5122489435433468,-0.2451888349390967,2.859900477808531,3.2782225608770865,4.587452126890726,1.7660285838790788
W0030,4,0.0,0.0,0.0,0.0,0.0,0.0,0.0,0.0,0.0,0.0,0.0,0.0,0.0,0.0,0.0,0.0,0.0,0.0,0.0,0.0,0.0,0.0,0.0,0.0,0.0,0.0,0.0,0.0,11.701142058882288,0.0,-0.0062840357457519,0.5355860360850594,0.0136638954641208,0.3237408974943391,0.1422704996866805,0.4020651033411153,1.155411037175993,-0.4202760978747583,0.2876465946203315,0.1762684050133504,0.1434772227760405,4.140462887210865,1.825500697681643,3.533733632693606,0.6253876757372775
W0030,5,0.0,0.0,0.0,0.0,0.0,0.0,0.0,0.0,0.0,0.0,0.0,0.0,0.0,0.0,0.0,0.0,0.0,0.0,0.0,0.0,0.0,0.0,0.0,0.0,0.0,0.0,0.0,0.0,7.657142601567678,0.0,-0.3964663920626687,-0.3585343270996901,0.415541133312272,0.3596419264652856,0.3855938633691177,0.5684690604935596,0.977211050270212,0.756747098133504,-0.1162072753981806,0.2711683464472743,-0.6189214412661737,3.241233443235995,1.95720784730526,4.693859481999437,1.5183182746411386
W0030,6,0.0,0.0,0.0,0.0,0.0,0.0,0.0,0.0,0.0,0.0,0.0,0.0,0.0,0.0,0.0,0.0,0.0,0.0,0.0,0.0,0.0,0.0,0.0,0.0,0.0,0.0,0.0,0.0,6.358703150146527,0.0,0.2066986074961717,0.5270031574287843,0.5304001756008473,0.823413863286934,0.182004320378812,0.2405946125891889,1.1144497096114077,0.0700312415854947,-0.0736018409887267,-0.002629587595059,-0.5728062057657131,3.249568068619936,1.8611605605892767,3.684852844987322,0.2277756818358872
W0031,0,0.0,0.0,0.0,0.0,0.0,0.0,0.0,0.0,0.0,0.0,0.0,0.0,0.0,0.0,0.0,0.0,0.0,0.0,0.0,0.0,0.0,0.0,0.0,0.0,0.0,0.0,0.0,0.0,0.0,3.0,35.0,0.0,0.0,0.0,0.0,0.0,0.0,0.0,0.0,0.0,0.0,0.0,0.0,0.0,0.0
W0031,1,0.0,0.0,0.0,0.0,0.0,0.0,0.0,0.0,0.0,0.0,0.0,0.0,0.0,0.0,0.0,0.0,0.0,0.0,0.0,0.0,0.0,0.0,0.0,0.0,0.0,0.0,0.0,0.0,0.0,7.990334373584048,15.11658803699918,1.9554565523495615,1.019257382737746,0.4263574381540539,0.5005751423267499,3.555585031593318,3.161300368351149,-0.1356531883321434,-0.6552290759014564,0.545238236789682,-0.592260745429047,-0.3254780848858711,-0.0272493446635113,-0.4700258913401581,0.817972061347197
W0031,2,0.0,0.0,0.0,0.0,0.0,0.0,0.0,0.0,0.0,0.0,0.0,0.0,0.0,0.0,0.0,0.0,0.0,0.0,0.0,0.0,0.0,0.0,0.0,0.0,0.0,0.0,0.0,0.0,0.0,14.695669947698882,3.798781684247911,2.6053488221361194,0.3578414291444447,0.1021084552941373,0.5304239185472649,7.118533831051195,2.7541626334028138,0.6990927227826373,-0.5382048184801953,-0.8274697374153174,-0.2953906160211386,-0.3746725059948791,0.0656137520584059,1.0016630079373912,1.5837007673726888
W0031,3,0.0,0.0,0.0,0.0,0.0,0.0,0.0,0.0,0.0,0.0,0.0,0.0,0.0,0.0,0.0,0.0,0.0,0.0,0.0,0.0,0.0,0.0,0.0,0.0,0.0,0.0,0.0,0.0,0.0,7.527367403746371,1.2462816717170555,2.530610644069351,1.4961814826233233,-0.7581389113621091,1.3076905772059115,10.485918754940968,1.4057239625884508,0.6864359338294588,0.7850056319139457,0.3295043579141161,-0.0312357297255315,0.6716612675189957,3.637661871341853,1.3215766789592398,2.3125048203790395
W0031,4,0.0,0.0,0.0,0.0,0.0,0.0,0.0,0.0,0.0,0.0,0.0,0.0,0.0,0.0,0.0,0.0,0.0,0.0,0.0,0.0,0.0,0.0,0.0,0.0,0.0,0.0,0.0,0.0,0.0,10.633327535427783,-0.2803061091545999,0.2297755938991284,1.5305528681263345,-0.7043595849630546,1.0643685902661664,5.8255645428499125,0.1209318646994454,0.1122461028844257,-0.3893571751231419,0.1944607640090548,0.7396633747626203,0.0317874099264902,2.0438798473242388,-0.2757284678924991,1.949602196371849
W0031,5,0.0,0.0,0.0,0.0,0.0,0.0,0.0,0.0,0.0,0.0,0.0,0.0,0.0,0.0,0.0,0.0,0.0,0.0,0.0,0.0,0.0,0.0,0.0,0.0,0.0,0.0,0.0,0.0,0.0,5.906640092746384,-0.3751151271119235,1.110833633703035,1.1527899689098506,-0.1875729026310137,0.7112014121247661,8.833764514046129,0.0093167192549531,0.5278419991704877,-0.6466362247864266,0.4510285520570111,-0.1132820800757642,-0.0345089233120926,1.4979516705805769,1.4797430722356513,0.942418572678898
W0031,6,0.0,0.0,0.0,0.0,0.0,0.0,0.0,0.0,0.0,0.0,0.0,0.0,0.0,0.0,0.0,0.0,0.0,0.0,0.0,0.0,0.0,0.0,0.0,0.0,0.0,0.0,0.0,0.0,0.0,4.246189719138347,0.4806267933850444,0.0732465360631937,0.9995727104167028,-0.2172588005194778,1.5255093627348746,11.832403890862778,0.0101400195284584,0.3882793244741237,0.0556734010243648,-0.5411957430425752,0.3942264605623801,0.0552027563370716,1.1773301616333305,0.5773370712656176,1.4873773256378804
W0032,0,0.0,0.1034482758620689,0.1034482758620689,0.1034482758620689,0.1034482758620689,0.1034482758620689,0.1034482758620689,0.1034482758620689,0.1034482758620689,0.1034482758620689,0.1034482758620689,0.1034482758620689,0.1034482758620689,0.1034482758620689,0.1034482758620689,0.1034482758620689,0.1034482758620689,0.1034482758620689,0.1034482758620689,0.1034482758620689,0.1034482758620689,0.1034482758620689,0.1034482758620689,0.1034482758620689,0.1034482758620689,0.1034482758620689,0.1034482758620689,0.1034482758620689,0.1034482758620689,0.1034482758620689,35.0,0.0,0.0,0.0,0.0,0.0,0.0,0.0,0.0,0.0,0.0,0.0,0.0,0.0,0.0
W0032,1,0.0,0.4111812693110693,0.193588781898613,0.9158116438039892,0.3559394690746682,0.1390757361143979,0.3275180773182135,0.1790720885522457,0.4247969996630855,0.530846086201699,0.4114574869636471,0.2702736461656267,0.6413033164077676,0.2985534644994231,0.5441866260121591,0.5520132944033651,1.0286094803541266,0.7967425480252165,1.0764845417038398,0.39460532329878,0.3654660950011786,0.248587655269711,0.5797149393568564,0.3500430844150825,0.6968607875675732,0.3198429682492963,0.5323707430717688,0.3835077672150169,0.7735317692886303,0.1628152732046925,0.8863037028962588,3.954316603237455,0.8840441755824702,1.1580521917578983,1.5941275733836633,1.1290227423205392,1.0468318208070562,2.2837653126555866,0.0227515994294354,0.1545515580898632,1.2498428322120223,0.0067062881338189,3.2043870361202984,3.312913027640275,2.341807525607506
W0032,2,0.0,0.2835589150072199,0.2445021428065492,0.9002068394631186,0.5992513789335167,0.2141635061020192,0.5846293500272919,0.1552692486932627,0.6867331696991862,0.45756445989258,0.3319117130802331,0.2870889164861724,1.1346755639994217,0.1233007895031902,0.1395642570426733,0.4774666365931346,0.4883924337904788,0.8532864310902013,1.6354741252466685,0.2037036615520761,0.3596962774073696,0.3137242771845229,0.4903873681514469,0.2641866764200515,0.4276975945682383,0.3780083665460583,0.4068015836531546,0.3466030754735529,1.2478212208086696,0.1732330496637818,-0.3704100266451975,1.1829597715851956,1.2800579823807554,0.7505208460968551,0.2900363470869764,1.3374049099054357,1.1800017989666594,1.428430953442946,0.2586234368415968,-0.0692219301265755,0.6177523687653452,-0.0323603504490213,4.690139533175309,2.819897769669082,2.174575628652049
W0032,3,0.0,0.2916923516919535,0.2336120168987974,1.416544622917923,0.6892841279146483,0.2660482931041489,0.997914620766713,0.0693859277193531,0.36135841695104,0.2083495514536015,0.1265334988603111,0.2490149125401497,0.7322614264678288,0.1903481350271341,0.1742359312132518,0.4276216230169763,0.7513360089189003,0.4498681255069254,1.217590917622156,0.2080436652103881,0.3052823835586739,0.2897042028380326,0.3601580146923306,0.1559010538105779,0.3394407323452214,0.2368667376721498,0.2479232534048757,0.350588754625356,0.8864784165965013,0.2357833078503127,0.0792139006548555,-0.0691477999962035,1.182628062481338,0.4141894042151259,0.6291579663505142,0.424439255197941,0.3887932209586459,0.7809829637832353,1.1291954423253232,-0.0102498350211921,0.6436019691957364,-0.4571452516581535,4.43944054332038,3.655816157661056,3.816547230119793
W0032,4,0.0,0.1871206712571655,0.2008063184253903,0.5633479222000822,0.6729867295975747,0.0421578153603534,0.6909401031639729,0.1724495295908439,0.0428867371004023,0.2499532583157837,0.1270018413191402,0.1153500323605355,0.4199011408100254,0.1427212885988601,0.1513470329957447,0.1179082875013306,0.7777715105134555,0.2644679176808902,0.6823134411365752,0.2486043198048772,0.2268575035416192,0.0934470282977528,0.3771860150967849,0.1816429222254596,0.287240970679271,0.0714424133389852,0.1353444124456217,0.2942923263950347,0.7326015413716429,0.2136413432914644,0.6590983640015478,0.5974584592675893,0.5583586518969528,0.7074989491515883,0.6052018545621789,0.4156444268384145,0.3675082742036206,-0.3444719357676694,0.5388116821400546,-0.1072961665994298,-0.1668560947524213,0.7216437616678402,2.961413281471025,2.755392078368527,3.611870260964325
W0032,5,0.0,0.1036870104783824,0.1928994490219514,0.4349821855667432,0.4098732547746823,0.118340234025338,0.5657292464155312,0.1503143427614221,0.1443090213780866,0.1661068202506962,0.0074549170326032,0.163150158622346,0.4124517142301163,0.1275535925974828,0.1081420499114816,0.2960593671475373,0.6929020227679203,0.2364211128962496,0.7345900758771506,0.1556007488985668,0.1904071822215841,0.0961923402585327,0.1368731161453138,0.1846010088886764,0.229172063790263,0.1182654157310566,0.2405814572801513,0.3458711538473414,1.0061367898713902,0.1137392204379701,0.1430725402849623,0.3827740959504659,-0.1434680520301618,0.0999878262603017,-0.4709156755373728,-0.5335886993240511,0.8757450391263321,-0.4728612080988479,0.5592128112445414,0.2423247893427138,0.5722748546597696,-0.1692284471684009,2.397912353244161,2.3692795377935822,3.494896377582146
W0032,6,0.0,0.0926056827768442,0.1104838193633871,0.3103811226411703,0.3790750381725728,0.134126159706043,0.5776812207666709,0.1100802057991628,0.161307692068019,0.1048720776729887,0.0779860215573161,0.1027939034479311,0.378967352096822,0.0964638885472432,0.1063247789078245,0.2355467607495957,0.6334887305051967,0.2272342721188901,0.554242808804808,0.1222023297210258,0.1205230270444681,0.0933077825216801,0.1701669578926033,0.0951978140012529,0.0937151239786514,0.1235600371355659,0.1373843498160905,0.2811465797461742,0.7708313179396336,0.0339934522668517,0.0810230501798039,0.4923442862401105,0.3284655952697778,0.0379349198003179,-0.697268243552102,0.7544900504067479,0.4887683763845046,0.1267870498933941,0.1418299473624426,-0.0707664043351231,0.3511264371943232,0.6633777737807898,3.267841574058613,4.879758852827176,3.2112886105200262
W0033,0,0.1034482758620689,0.0,0.1034482758620689,0.1034482758620689,0.1034482758620689,0.1034482758620689,0.1034482758620689,0.1034482758620689,0.1034482758620689,0.1034482758620689,0.1034482758620689,0.1034482758620689,0.1034482758620689,0.1034482758620689,0.1034482758620689,0.1034482758620689,0.1034482758620689,0.1034482758620689,0.1034482758620689,0.1034482758620689,0.1034482758620689,0.1034482758620689,0.1034482758620689,0.1034482758620689,0.1034482758620689,0.1034482758620689,0.1034482758620689,0.1034482758620689,0.1034482758620689,0.1034482758620689,35.0,0.0,0.0,0.0,0.0,0.0,0.0,0.0,0.0,0.0,0.0,0.0,0.0,0.0,0.0
W0033,1,0.6101209402908362,0.0,0.1585889715656856,0.6352138158535909,0.4160914725804082,0.3016583887085973,0.7827956259610958,0.1650393616350618,0.4752117045333259,0.3981128485658051,0.371451169119847,0.3373649788928323,0.9005943756741336,0.243969769480535,0.2991295720975845,1.0065050812588072,0.9064970274034224,0.6657096810525768,1.1526331386392954,0.3684031242959104,0.3630677116992928,0.1805494819085478,0.3738530678727436,0.2117003840276551,0.1678722929464302,0.2570185336099223,0.6996595616088139,0.2981246642890727,1.1117063137577894,0.1667499218711301,0.9700323140072126,3.781536597406047,1.933206044145792,1.1761205374410528,1.426896588594289,0.8856446701539114,2.7752395128890672,1.57855460487624,0.5997970673176495,-0.0248076418176625,0.5584926443487941,0.5658343131777597,2.3511749090021627,3.148964640440794,2.3422195273680555
W0033,2,0.6898914593243317,0.0,0.104921344411607,0.8225749649577393,0.5021045234474937,0.1824641836369641,1.4109013875493484,0.2168516778437703,0.4872778848857106,0.3368028043073113,0.2276501398307139,0.3613134709691127,0.6099240313737713,0.2196527866990099,0.3162970546742626,0.4554425106919447,1.0733177477187743,0.4312775502415383,1.3024492025377676,0.2477949570062202,0.4126840165975863,0.4183036681205578,0.4793199725061387,0.2237054695837085,0.3230113529490953,0.2471656921348569,0.2875779436866188,0.2882912364058629,1.0191430042975562,0.2412390796594573,-0.5093532063796431,1.2282474809086743,0.7551377702923383,0.8759311456854383,0.4880329996043289,0.8332475628107553,0.8433316283518574,0.379968621201014,0.1996590323593068,0.1776338962480311,0.1760824633659364,1.5344399456499975,3.337132721044628,1.61179504029599,3.9276066995044014
W0033,3,0.3709397934193198,0.0,0.2630578739410378,0.8722169159069946,0.681302609774937,0.2566882999439722,0.9241967514240852,0.1539746177322934,0.4058542448457505,0.338412813654978,0.2099214714571272,0.171740336292865,0.984725239734514,0.2228428138375563,0.1904909778707678,0.4129318246987462,0.6108528213968675,0.5987158772504095,1.212156556980121,0.2229814901933005,0.3039406250774019,0.2376899368702162,0.3963045415379207,0.1954717252877469,0.2728085645057366,0.2023137742857614,0.3897195405232898,0.4125463756536003,1.0426049030362634,0.2232392318674952,1.0526145062926866,0.6236967207467077,0.9808841106087218,0.2846029622389151,0.5994130425091815,0.5890313047197118,0.6738225130642623,0.6225378866541733,0.9085993524835932,-0.1889769518226451,0.45212397687436,0.2638012264881028,2.7381528462706437,4.518734980333681,3.0331903305117045
W0033,4,0.2673511545675233,0.0,0.3592340793842828,0.9650262667075848,0.6615515442706539,0.1835882431893443,0.1357353632422107,0.143192670570914,0.3257686804131625,0.2288132981034779,0.1008940649688188,0.3146603561194011,0.5025500872038338,0.0653163557879973,0.2104428690764941,0.470825591368962,0.7619092004172195,0.3987465050443454,0.926015725291834,0.2133096050146922,0.2805138140913631,0.3134445383332101,0.1933603555197157,0.0989316371993425,0.2982309085738701,0.2488056293915989,0.2890020340076987,0.3869874678863491,0.759472557465931,0.1685324135879391,-0.2305043611907711,0.1095226274963788,-0.1749525664729876,0.1112987980025371,0.627461918069566,-0.0954947109236895,0.2860448889835201,-0.1735093169462403,0.0191616172879558,-0.0458492206979168,0.4157761961074157,0.1644395530590512,3.4710133007005823,3.2026914833757125,2.88591025866193
W0033,5,0.3473943031273175,0.0,0.2397896836832986,0.7147766295235112,0.4296035138864378,0.1552135220737831,0.5998057044683112,0.1262523735178304,0.2632966073244807,0.1028750877012911,0.1389631785049292,0.0972682659096041,0.2385269259006588,0.1372899846548383,0.1934509613228469,0.2347499007591833,0.6408887503420376,0.1939628690085835,0.5073017503433721,0.1435582645662226,0.1524152960857397,0.2614206090694085,0.3200105278594134,0.084647966007814,0.2603533397937451,0.1415332649176135,0.2230531911808669,0.1293704346677779,0.5229181312663306,0.1906224832019425,-0.5611084669117908,0.3132111730926386,0.4600174509531965,-0.0631680025517387,-0.4465469468875557,0.1981738422689393,-0.1451566636216052,-0.260550685764422,0.3748872145906284,1.397106389168249,-0.7586274444953396,0.4822209190263408,1.8528026491940333,4.156907801747179,5.040259784438297
W0033,6,0.2462222706465048,0.0,0.2541919816192721,0.452147908068194,0.2504459691703517,0.0839339025741632,0.3554847160438621,0.0586519846003622,0.2758273448855409,0.089974112275503,0.0635136462152725,0.1112040776170152,0.174229065206972,0.0791271914878682,0.1295943989091959,0.2629187033315282,0.4391897716748612,0.1741961176963279,0.253198783918066,0.1418220417355583,0.0762014858379614,0.080000922228149,0.2453285430331271,0.0796087605813652,0.1022505576844028,0.0842289121568733,0.1277844069641135,0.2175021169064225,0.5997312569597288,0.1906939289304797,-0.1982484839498558,0.005896105194354,-0.3438482389342435,0.3128738357089896,-0.1058119828185448,0.6556105031184168,0.5882526503031029,0.3342979861357216,0.723959146553585,0.3660855872451374,0.4886604897786452,0.1789975202220945,4.029007224681079,3.5984878115285497,6.510177672120041
W0034,0,0.1034482758620689,0.1034482758620689,0.0,0.1034482758620689,0.1034482758620689,0.1034482758620689,0.1034482758620689,0.1034482758620689,0.1034482758620689,0.1034482758620689,0.1034482758620689,0.1034482758620689,0.1034482758620689,0.1034482758620689,0.1034482758620689,0.1034482758620689,0.1034482758620689,0.1034482758620689,0.1034482758620689,0.1034482758620689,0.1034482758620689,0.1034482758620689,0.1034482758620689,0.1034482758620689,0.1034482758620689,0.1034482758620689,0.1034482758620689,0.1034482758620689,0.1034482758620689,0.1034482758620689,35.0,0.0,0.0,0.0,0.0,0.0,0.0,0.0,0.0,0.0,0.0,0.0,0.0,0.0,0.0
W0034,1,0.5098203419169598,0.176163741121223,0.0,0.5084027509073163,0.4202249559878546,0.1921145896061729,0.6204052043451473,0.2044032454523384,0.3919174357805403,0.4289781593349934,0.3221948597899196,0.2889935843029504,0.9263143574677056,0.2020009006265272,0.4606449860843824,0.526496728538894,0.7443701104892734,0.333929064342398,0.6470332806046136,0.4449728866476012,0.4018355947229859,0.3544144397014218,0.2377168104481171,0.3660149875660402,0.5434863191476377,0.3189262019258598,0.5609857785311603,0.3193204743638494,0.348497030296622,0.25616453791092,1.0228878971915216,2.0046193617218577,1.9749512979604928,1.6010703356987634,1.6606364265517402,0.7616959253061546,1.6862123337620996,1.1888631494433457,0.2240956406416085,0.9893755374896496,0.0017505433227469,0.7842447290644622,3.2775195639670813,2.078899325337736,1.9091270626665136
W0034,2,0.6517329199013578,0.2736247744726207,0.0,0.6031459314901858,0.3392803055637645,0.2069709656583364,0.8657071633099587,0.1802258276801816,0.2691537770117956,0.2643416315676895,0.184213952984027,0.3010767374698739,0.875334622920354,0.2688656842602176,0.2446536481997141,0.6198164427798102,0.6570490340736738,0.7823911240556413,1.0890639446039807,0.3539851559423652,0.5090260510104331,0.2871212129716839,0.4184804646653975,0.2762678099646368,0.2546993899494337,0.3820563995536469,0.326732923616635,0.445506452113647,0.8577089860261516,0.2493178734827915,-0.2554611151012237,2.1690103874403786,0.728038734650562,0.9610571009594454,1.3298464438030164,0.966291162088683,1.0099326561249289,0.965161934090382,0.127963110859385,-0.0161966761617926,1.0735489827934033,0.5794353763575506,3.318507542873726,2.031290142656517,3.405483700888067
W0034,3,0.4632314303705556,0.3748758102829941,0.0,1.0832789516688284,0.596182441392292,0.2058364858758042,0.6883848504215236,0.1215940524993925,0.633793648211644,0.2349659451782889,0.1708021242493551,0.191549524530741,0.74356592668431,0.2360471271527837,0.131614659015388,0.2383943868674818,0.7612156068314098,0.3575472919290606,1.1413031419510398,0.2610419403496638,0.3141076824585799,0.1922692752309807,0.642890479142133,0.221996173934094,0.3431018082767763,0.0873240687604991,0.4194961708556249,0.4064644610767844,1.2470583523197944,0.2075993333043403,0.510660349684807,1.1960084130012465,0.8878820150063731,0.590547415113162,0.5394690520977088,-0.2390484967204191,0.630586696266235,0.0115783326290946,0.6849500578951534,0.6223140900258326,0.4060238362596234,-0.1630920893884546,1.0529673433782505,2.8476648517953453,3.023196546543105
W0034,4,0.3545539431870178,0.2912758685493543,0.0,0.8805363216900413,0.6073490770148691,0.1503328203184508,0.3073704259093243,0.0464536591684223,0.4280590745889417,0.1393324406289887,0.1033510434133386,0.1504091585345761,0.5857114807540241,0.1130116573015172,0.0844625021983936,0.3723453167539861,0.6435962530829679,0.2805218955198167,0.7238902152448141,0.2121932681300405,0.2042817636559457,0.2589117857923598,0.4412448863900827,0.1905385666805525,0.2495523743915179,0.234903026994993,0.234330236332289,0.4670786332618148,0.957091062173191,0.2039850540719142,-0.0063018697854871,-0.4092726923072535,0.3050369247959566,0.9145998605620996,0.7780288087943252,-0.497206029733296,-1.0543696054140204,-0.1459068151194461,-0.4860105499433556,0.3993687560608376,0.8609851854813682,0.769846407376201,3.164559155322809,2.4883369421383885,5.066297543666341
W0034,5,0.388441159066798,0.0903792074833737,0.0,0.3996702651707269,0.4673513522129842,0.1832717245894335,0.5968241876332665,0.0680431461403641,0.2416716959715951,0.19848809899685,0.2212896202032256,0.1568407797792109,0.58356795178173,0.0943522262872293,0.1395061915481099,0.1767427487973243,0.7607982532683653,0.2596004223509275,0.8189549982849234,0.133593382255495,0.1808743773547628,0.1525052661870502,0.190734888657154,0.1680819734532423,0.2582555667575467,0.118986086342956,0.0145391808160352,0.2226563612398947,0.7116891989024589,0.1545773996428264,0.4976046072165934,0.318905834615894,-0.0790984365720734,0.4542298782050987,0.0259936905713273,0.1337242022887207,0.223284549488894,0.0022156165900013,0.6003764936981165,0.6234711557286735,-0.3608343820792325,0.1000320807813576,4.119896020650011,0.5610930385056419,3.251180345753504
W0034,6,0.2513700592290487,0.0568038537370412,0.0,0.4334398557350769,0.414531316413524,0.108829355867182,0.6694911418105458,0.0679725434722615,0.2618539800375606,0.0753568452081427,0.0461274677608454,0.1575243176336267,0.3346393358773077,0.0892050397465836,0.1000048108916163,0.2525807860136928,0.5344459163522142,0.0791117199080516,0.5302160593508184,0.1066762619391384,0.1303002429337999,0.0190633042879717,0.2250168745262039,0.0565294841472662,0.1037478095718454,0.0827532019602564,0.0936918886235278,0.1350315504646279,0.6012426534546859,0.1244701637321078,-0.2937960016102859,0.1755861408817591,0.1376227511667602,0.7712112771577535,0.721186288407199,-0.5811363219490951,0.0140873044011951,1.088516673384121,0.916750206071902,-0.65228775142225,0.5692927387812285,0.3617112775700055,2.7277198237771985,4.133989098432686,3.330082688823661
W0035,0,0.1034482758620689,0.1034482758620689,0.1034482758620689,0.0,0.1034482758620689,0.1034482758620689,0.1034482758620689,0.1034482758620689,0.1034482758620689,0.1034482758620689,0.1034482758620689,0.1034482758620689,0.1034482758620689,0.1034482758620689,0.1034482758620689,0.1034482758620689,0.1034482758620689,0.1034482758620689,0.1034482758620689,0.1034482758620689,0.1034482758620689,0.1034482758620689,0.1034482758620689,0.1034482758620689,0.1034482758620689,0.1034482758620689,0.1034482758620689,0.1034482758620689,0.1034482758620689,0.1034482758620689,35.0,0.0,0.0,0.0,0.0,0.0,0.0,0.0,0.0,0.0,0.0,0.0,0.0,0.0,0.0
W0035,1,0.6716737201131853,0.3909580567405507,0.2135804886812641,0.0,0.5251216747419322,0.1416613778530424,1.2440547767564418,0.1333759267845826,0.6143752656065185,0.3305229198476059,0.219274855054092,0.3519590901249667,1.0564896986584849,0.3920879738890666,0.1915417330549707,0.4273684352422514,1.175817521726985,0.6491960059232,1.0837305157843886,0.3068830045918421,0.3511958146124359,0.2101997069772789,0.2894014136950334,0.2321025076717554,0.3370677150122392,0.183071240299523,0.6449481789859391,0.6765614305514324,1.2633546637577933,0.1453942199940025,1.1625726436352546,3.163499245112513,2.202289996988244,1.489383519622608,0.641387852009101,1.3416491884898172,2.0954314992876144,1.9160139262356977,1.021631054750365,0.4616644382732386,0.8026029764846727,0.725356245358536,3.3319511149455585,3.984759845836616,1.3079748634228685
W0035,2,0.1346353682336186,0.0159565231397177,0.3389187042176694,0.0,0.1554513093586535,0.2111215147270144,1.1520053981990015,0.1400707189841711,0.2971261961431105,0.4012174425570868,0.1483354855428105,0.3360674564375031,1.2591048238993094,0.2872073504856887,0.3552329555577981,0.7762470686168961,0.7622646583929685,0.6843034053783791,1.2323006131943393,0.367400823424526,0.2655049494556212,0.405169811919908,0.3911642710533942,0.211665695820055,0.1641283912946425,0.230490724757742,0.2182290418008343,0.5790388465376632,1.2752035111888902,0.2765217956069137,-0.5365556955574174,1.604114082824377,0.9585505339715096,0.3229357336167026,0.1595606914749563,0.4601412505499311,0.5466615902668599,0.0246590708371954,-0.110564213923003,0.6046971640825836,0.3088370289446182,1.064043598283111,3.185066725610307,1.858377168059397,3.807728022204762
W0035,3,0.2991515703553046,0.1839486889259357,0.373600602651362,0.0,0.6401851176025173,0.2342566152881907,0.6222386418157404,0.203847185424714,0.4504386843187191,0.1709058719459565,0.2116224104049317,0.4193253494036527,0.3283581564046768,0.2523628239504095,0.2326980794082346,0.3942330097260527,0.8504115266019957,0.2561003412161658,1.054110212601544,0.2258503053905008,0.2888841469249334,0.1610073343050556,0.500058507200108,0.2576094776030259,0.2801776092958323,0.1577739533484524,0.4652225476519008,0.4505102190255398,0.825522864908566,0.1235436623493001,0.3750897339464739,1.4027721546548957,0.6415675619434715,0.5264593034482069,0.0865311803872353,1.7255485637946222,0.1414734599348412,-0.1488293105638615,0.1798331456085773,0.480052760779917,0.4128503506651199,0.6921124994612902,3.653799756009188,3.442331423133916,1.9898265092376624
W0035,4,0.4902972113939118,0.1904489248303011,0.2314506418514695,0.0,0.339274475953941,0.082019893983238,0.541061026880151,0.0975023716599728,0.2542208703006852,0.1741681558257604,0.1014769963300303,0.1133040695697996,0.8670004030601871,0.2254263721116,0.0390944102075336,0.4197224602125072,0.55304702132226,0.1677500967266241,0.8279714252213124,0.2034977800124603,0.3534981930292378,0.1628348008474533,0.4399422802966379,0.1476797924960555,0.3612641227042479,0.1307152428142124,0.1657908033523089,0.3260330440454376,1.025944596318231,0.2667618942449805,-0.4388334615318486,-0.2968920852082725,0.1271829633997969,0.3252770359888938,0.2385632971976147,0.2244995931115144,0.6888122847011802,-0.6797191980535198,0.1159025715253062,0.1317917703678839,-0.31735484310921,0.1945740717110846,2.937979257868277,2.8840762165134173,2.696280657281916
W0035,5,0.3259978221559003,0.1520335120764965,0.1266533213795997,0.0,0.6323048965915561,0.1402063591284238,0.5754563296106634,0.1205436341982446,0.4108892084175639,0.1561596310333416,0.1424811497591388,0.1914884273073571,0.3806606949733394,0.0939215155896804,0.1589517626232909,0.2236123731973085,0.6642335980709851,0.310756047044613,0.9983814539247586,0.144980454469676,0.189232307844933,0.1247723799179834,0.1584915353929063,0.0982327963620695,0.2213507949986271,0.1280150832979036,0.1894867086932677,0.3703853960338316,0.7668595090571512,0.1458923312189338,-0.6075280513607072,0.4573925148852301,-0.4934362124234649,-0.2508428921512853,-0.4614645052062665,-0.0678124051679406,-0.2471319303604619,0.3748374141359193,0.0712109663164853,0.2380942496275596,0.0386847533531491,0.4804874517637563,2.593957870754477,4.130788116976515,5.696294110419203
W0035,6,0.152206398065212,0.1488135812501833,0.0452590732119761,0.0,0.241874240119558,0.1066936194138068,0.7030171098597893,0.1254738325253401,0.0816087778756689,0.1421944191143655,0.0383069161956842,0.1431936244957943,0.2451302651284935,0.1032609571438234,0.117101032805811,0.1648502740014546,0.6875191486873307,0.2517460741518829,0.5657276154748926,0.1810708948205402,0.1479053683963682,0.1758191078215572,0.2299626921640005,0.053616725550546,0.0922557966986778,0.1719237685065791,0.1561421457723245,0.1454122695967742,0.3305022838658947,0.1652266716298267,0.3681491976137326,-0.5098771883657804,0.7835128660396358,-0.0417557119978762,0.5671869224394854,-0.2971299896904523,0.4124224230084835,0.5381800569778781,0.3106659409942899,0.3790081728955821,0.0323108280145716,0.6169743768719236,3.785508649804146,2.652727047542756,4.6584991496896775
W0036,0,0.1034482758620689,0.1034482758620689,0.1034482758620689,0.1034482758620689,0.0,0.1034482758620689,0.1034482758620689,0.1034482758620689,0.1034482758620689,0.1034482758620689,0.1034482758620689,0.1034482758620689,0.1034482758620689,0.1034482758620689,0.1034482758620689,0.1034482758620689,0.1034482758620689,0.1034482758620689,0.1034482758620689,0.1034482758620689,0.1034482758620689,0.1034482758620689,0.1034482758620689,0.1034482758620689,0.1034482758620689,0.1034482758620689,0.1034482758620689,0.1034482758620689,0.1034482758620689,0.1034482758620689,35.0,0.0,0.0,0.0,0.0,0.0,0.0,0.0,0.0,0.0,0.0,0.0,0.0,0.0,0.0
W0036,1,0.4157785037049332,0.0819257605677996,0.1756131043372424,1.0752708487434648,0.0,0.2217282500560599,0.8218405909548265,0.0959209707470272,0.6748345765702152,0.493733813342637,0.1981757196335286,0.2239725319940653,0.6322297071901075,0.2483000833709115,0.3206744061582526,0.6201231912361834,0.9617365427793132,0.6970179084296461,0.9300188321386968,0.2851399297990572,0.6073548845859349,0.3038567342143146,0.3870935965969316,0.2986647020270505,0.4048249543641076,0.1092787757989802,0.581186964236734,0.3150372101779107,1.0162547023595143,0.3181088738694667,1.2094840275754375,2.224008562867004,1.4559324939244342,1.5445261261565684,2.2346651321491016,1.4917840346731506,2.333564318912706,1.6815897906340482,-0.0098093068197139,0.5293903185567734,0.2560148320794015,0.9307914929110854,4.274478784597097,1.8909445880880087,2.714607085233336
W0036,2,0.3863591348897452,0.307298573142355,0.4683217880635116,1.1133901031913016,0.0,0.2886593791421029,0.9859383107747312,0.2419823717976441,0.326189929203644,0.3292638398406043,0.190368227981416,0.1758302473258162,0.711664651138446,0.0928148164141391,0.220001781192438,0.6922250959124082,0.5880076429640329,0.5798722179590995,1.3015464936702696,0.3147009153155043,0.4456592005844908,0.3723576447500017,0.4826930027640551,0.3228571266642717,0.1946334207707359,0.4534948869367533,0.3552557955729367,0.401032836069833,0.8089244012266535,0.2984583014176409,0.1286680874321467,1.6194672185210612,1.404232095174658,1.2444649633316605,0.0335547170734777,1.02137076569714,0.3673755107393684,0.7411306726139566,-0.124553340254336,0.1579564814941301,0.55479594310665,0.2461363896187514,3.1895019567366507,3.101516159718161,3.527071037640484
W0036,3,0.5081959802452777,0.2110755930773335,0.2418894954303049,1.0399310756514637,0.0,0.2270389333876525,0.647530975125082,0.1701684179701996,0.3762139922938998,0.2660557813038294,0.0919863095800954,0.1403886073394106,0.4180305217900832,0.1160903883385091,0.1687928970332588,0.3922174537195613,0.6037766504284521,0.4392803610130254,1.4233727197943438,0.1169414006471552,0.2419757712773176,0.2493696963440459,0.2245944257378141,0.1706597496613358,0.1530345561484573,0.3531999241046125,0.2857909593587892,0.428270664854982,0.9095644384341603,0.1686250901129683,0.3434783518589728,-0.1341731977555932,0.5960654144217687,0.7749913058002467,0.3704999606362058,1.0104669195233664,0.7278154690894831,0.1471792746820508,0.5242859470167409,-0.0712350229004974,0.0319073036912133,0.5457815170407199,4.092180141891183,3.806730698260632,4.375133807175503
W0036,4,0.5543553362305275,0.1343935568671986,0.3658514305759379,0.6086446406226369,0.0,0.1995915097087295,0.7008558738019349,0.077237180425687,0.2205876839879154,0.116773128695992,0.1526632586956308,0.2404418972058763,0.5623144507425111,0.1183369879505575,0.1969959729151527,0.4200961378004577,0.7699891712915773,0.4213547077125357,0.6635832682626713,0.1344052679641353,0.1893462515743,0.1025930978627415,0.2606296687134285,0.087704453656897,0.2705641383441039,0.2472142726881425,0.2621901808830049,0.2592307944783803,0.8686091790959125,0.1452550950776073,0.5026506643703057,0.8683904351184115,0.6167713924239767,0.3377570170529311,0.4392879789741516,0.3543437228612054,0.5246760800240209,0.7532150847332002,0.1669776562582229,-0.0908622341748507,0.1799890493444898,0.2088129157169282,3.2015251246514715,3.394642633556283,2.893287808954863
W0036,5,0.3569312179435303,0.1551352603312748,0.2028284793564706,0.855592164242537,0.0,0.0265302594930303,0.5272490454756612,0.080949836904688,0.2531608888080522,0.150923682235325,0.1601606390156597,0.1755315278686975,0.4430718144026404,0.0590415840373666,0.1572574265491651,0.1938708630334044,0.4404027334897862,0.1228651890997776,0.5223965193140766,0.1737040391364598,0.1961748071024003,0.1731028656932984,0.2010938409642212,0.1624568807867699,0.251742645895424,0.1398794497791231,0.1760345019286921,0.2939820336659222,0.6304168582674352,0.1887318209871682,-0.2433118973848557,0.6869269960694893,0.5446409075894524,0.1934319618982793,0.3231915579424304,0.7222295303000087,-0.2332817286688115,-0.4942267757138996,0.7458201575330422,-0.066924484314578,-0.4926272413195207,0.4285969145374423,3.0049267035773157,2.5534352288697764,4.428902062970667
W0036,6,0.2280082347349004,0.0599156294271001,0.0826798844955081,0.6247151435772179,0.0,0.0510622781836528,0.4518017624515867,0.0398050083639543,0.3585194170362661,0.0745728022763169,0.1915709641018145,0.1148536843738554,0.3769624105250104,0.0737208432190021,0.0863547017387865,0.1373334488943219,0.6175421369885945,0.2020229361020847,0.496880311985955,0.0884346579523886,0.1905860386947238,0.1089698586668375,0.2012258914036035,0.1030809576320135,0.0797458851467467,0.0630675781565302,0.1725236801291454,0.1578049224721983,0.6536577633295723,0.1511619249568028,-0.3702635237589003,-0.2291592809347989,0.2501524916827169,-0.7810707155796411,0.1430380525956726,0.9248686200710255,0.7525767684708554,0.4278174316439989,-0.0164926936632118,0.2863079485037639,0.1468193281517409,0.1350241703936256,2.290585160876418,1.936535051835972,5.347488482720719
W0037,0,0.1034482758620689,0.1034482758620689,0.1034482758620689,0.1034482758620689,0.1034482758620689,0.0,0.1034482758620689,0.1034482758620689,0.1034482758620689,0.1034482758620689,0.1034482758620689,0.1034482758620689,0.1034482758620689,0.1034482758620689,0.1034482758620689,0.1034482758620689,0.1034482758620689,0.1034482758620689,0.1034482758620689,0.1034482758620689,0.1034482758620689,0.1034482758620689,0.1034482758620689,0.1034482758620689,0.1034482758620689,0.1034482758620689,0.1034482758620689,0.1034482758620689,0.1034482758620689,0.1034482758620689,35.0,0.0,0.0,0.0,0.0,0.0,0.0,0.0,0.0,0.0,0.0,0.0,0.0,0.0,0.0
W0037,1,0.4205680645760934,0.2709208877084376,0.2086291663705233,0.9297319356064824,0.4133459875527376,0.0,0.909940373808833,0.1208649927021762,0.4563799056884625,0.3450899547516152,0.1799840616148791,0.3329590765711844,1.406486540817597,0.3025182513097684,0.3964311366343486,0.4859384336706392,0.9356881618605004,0.4861860395114503,1.0801748467362469,0.3609914763971095,0.2952395950108858,0.4194565796637242,0.4087770841054114,0.3152063336655732,0.3688707301683754,0.2327076433512924,0.6122925240445553,0.4532113949972297,0.9210614320051486,0.1912576937964114,0.0688488002023038,3.234673865905858,0.9900131119990768,1.625657489700376,1.5548087117175964,1.005510196530908,1.9599521245206344,1.2043856695294537,1.2355956962090169,0.1898240099939726,0.7624722902252394,1.473499137493702,2.7209437869758024,1.983220464333295,1.4554462980013734
W0037,2,0.3094281386844585,0.3270902517308335,0.2970211177686737,1.4939554257740388,0.4526346645908969,0.0,0.8535993853302654,0.1496380179145253,0.3457217353148799,0.3718752329539753,0.2583118573614504,0.2405658924067323,1.0063865924313649,0.187860056301864,0.2245487511224843,0.7560498941241953,1.1016126379520452,0.7854388585047122,1.309527495035368,0.4115550565812162,0.3312892840029081,0.3143709427822017,0.4483340927476744,0.1688282495510122,0.2179089576171402,0.2245248083438134,0.6918082036307589,0.2513602554338642,0.8158474240040956,0.2465547658284274,0.9736120636340768,1.2661826785217412,0.7395435365899373,0.2798414027876894,-0.0581865502408733,1.3344700291403768,0.6155017608399094,1.453433333693504,0.1494849722545717,0.5440801143360445,0.4182286658722876,0.6638010801595285,2.672501695888067,1.662457102935608,2.1960749152648007
W0037,3,0.6540869768166759,0.2496719550581898,0.4074646890384257,0.7439827877452502,0.6255415993593472,0.0,0.9140965905492068,0.178878126547226,0.3906404554030683,0.1917031347665667,0.1523155523262702,0.1753386484151945,0.5047337899067892,0.2115987691759124,0.0892980670106394,0.5620305374090195,1.0307893784992166,0.6259831563057079,0.6575189726381754,0.099310820530651,0.1691334663387062,0.1760422865897063,0.4102037211743427,0.2971180544636384,0.4175702924087661,0.2184172926527308,0.310741499348736,0.3330407568866416,1.2108807522675735,0.1368787347412881,0.2461696499004995,0.8346374400450897,1.0097220114457253,0.8225971845782889,0.4127561587217089,-0.5512885592270781,0.552859289356635,0.4743486819383313,-0.7329062545246535,-0.3546495925719447,0.0526465874058778,0.1256166435522206,1.808292826519476,2.8170872671082066,4.853420533727322
W0037,4,0.2482126816750929,0.2490176442001831,0.2588379910472996,1.076979551578641,0.3330436745284132,0.0,0.6594784756777738,0.2489662518319266,0.253193493884026,0.088289533765342,0.1817319209511564,0.2211020296259495,0.6962548806443266,0.213046072817048,0.1059085713397364,0.3856651043197271,0.9603513804061138,0.3283430803719652,0.9837461036883332,0.1972163451853222,0.2226534300377363,0.3340019418297199,0.3551189027878654,0.1193587081272714,0.2532354785729101,0.2349322384779053,0.060333467905468,0.3746037027586635,0.3687192211320705,0.2595969433707794,-0.0607016995942773,-0.1162468483580309,0.6030092918808918,0.0755860656167951,-0.2243240754945646,0.0612074334651206,1.0421766179239034,-0.0951750681485935,0.0484578401665761,-0.3780097688234342,0.0076918573355126,0.6506783090868065,0.7314603966292332,3.0927101142118523,3.3612872784983567
W0037,5,0.2373504801030252,0.2120468421150026,0.2999656778703596,0.5403413447056669,0.4235754072846526,0.0,0.3914505744661841,0.1210621592876795,0.2214145897001221,0.0646570227437271,0.1640779338587162,0.1518515343150176,0.418816145759339,0.1060718623342216,0.1088307580459025,0.1794663069433563,0.5118797515486486,0.2668649289607187,1.0087054183943145,0.1008368805466714,0.1552762220125448,0.1994414769432685,0.1796569735745577,0.0998796445851726,0.1261569844467155,0.0865795727975681,0.0831132328263176,0.2108614817290104,1.016480005693151,0.1363828747078701,0.6738038174960227,0.602854536006552,-0.3121246786737128,0.3735984994638461,0.3233499189215023,0.0535739019159743,-0.3107482232977958,-0.3817372114518759,0.2287085500874808,-0.1633508576328742,-0.1895427057704481,0.1539023589456392,3.398547289853204,3.588405531860343,4.485100964251329
W0037,6,0.2249416206748907,0.1368723139855277,0.2736223087719693,0.4008745982221307,0.2081702950864832,0.0,0.620971993919197,0.0880251897782815,0.2287650736625821,0.0773852278304924,0.0501367472151009,0.1782909343156095,0.2384010156074504,0.0911155820427458,0.0765011377505787,0.2019218125809717,0.4521055765561318,0.244778052977751,0.5475847001662555,0.1580794377167855,0.0841102203672646,0.0529366689660108,0.2365290440913081,0.0742737550530042,0.1253422343336542,0.0474105731448552,0.140174978607814,0.2616032113760999,0.3463433846339903,0.1530456258667841,0.229137787098923,0.4703717765999111,0.2165364655871461,0.1415983580598875,0.2327899907109841,-0.0578038563110137,0.6619398240682555,0.8270651172870828,0.2856122113250084,0.3485048586023651,0.3328001065481991,-0.9208170764198962,2.7985842211348837,2.990917359631518,4.651879479545179
W0038,0,0.1034482758620689,0.1034482758620689,0.1034482758620689,0.1034482758620689,0.1034482758620689,0.1034482758620689,0.0,0.1034482758620689,0.1034482758620689,0.1034482758620689,0.1034482758620689,0.1034482758620689,0.1034482758620689,0.1034482758620689,0.1034482758620689,0.1034482758620689,0.1034482758620689,0.1034482758620689,0.1034482758620689,0.1034482758620689,0.1034482758620689,0.1034482758620689,0.1034482758620689,0.1034482758620689,0.1034482758620689,0.1034482758620689,0.1034482758620689,0.1034482758620689,0.1034482758620689,0.1034482758620689,35.0,0.0,0.0,0.0,0.0,0.0,0.0,0.0,0.0,0.0,0.0,0.0,0.0,0.0,0.0
W0038,1,0.7936298222700712,0.177510730403489,0.2616990304946532,1.5194341587368698,0.4716014937994585,0.1540106906494598,0.0,0.1899071192669054,0.6328472393477791,0.3174506689203094,0.2393833098902869,0.300840852870453,0.912766780187112,0.3213344359402159,0.4504099664859364,1.0845944262047134,0.6552214600947109,0.5627676468511935,0.5356469505177335,0.3393578568759429,0.5196719346804731,0.2372373541004341,0.434409220887785,0.2795500542659956,0.3332882121263462,0.2335156977599216,0.4102891536590838,0.3819412656766537,1.2345675375544083,0.2661674002818675,0.7258092697949365,1.4405194354750372,1.1611437894599237,1.323372658475592,0.5477159503661501,1.993124922059428,1.4491636402768957,1.3255892426129228,0.9384868122503212,0.7084311158073763,1.0542487848501887,0.520825558611275,3.0131510883535237,1.330007285234125,1.961515214585684
W0038,2,0.5958758014173259,0.2726569217822245,0.3025657031878156,0.5083415469794473,0.3329546173043399,0.1938521969421405,0.0,0.2657842771665589,0.3066976918426333,0.4293198676503846,0.3224714295458313,0.1650458211964819,0.4212685672812059,0.3271327797556743,0.2377413520697961,0.7005167143623244,1.0065400066229877,0.4914201533633417,1.578494145132736,0.4022169668728889,0.3688811729693022,0.3313443485687221,0.2476340308202085,0.2615112750918695,0.4151671945778744,0.306002326357277,0.4339798132053498,0.2231099128961522,0.583209468157552,0.2724834567869118,0.2135104615886701,1.6735942590102946,1.0492579720462551,1.1500746510646724,0.2099915714172939,1.3772114816600876,0.5333523845112504,0.8566938145085707,0.797746209128987,-0.5145560207696563,0.3878954621230351,1.0404645284253118,2.277876463267752,2.9068134812335216,2.439051627845009
W0038,3,0.3676303354130781,0.1749409301358289,0.2343558532804855,0.9198233883058352,0.5366294435967476,0.1900469461630743,0.0,0.0891800233372703,0.5266758883661502,0.2331119459700877,0.2155959344931555,0.1625376507597591,0.4467126389468095,0.1871748612688937,0.1742683009812307,0.6878250523201176,0.4230710088033547,0.2222364169574806,1.4135016060445915,0.2607938902432038,0.3660604499760105,0.3285095418871772,0.2448982990136151,0.247542854313516,0.2985588639659471,0.2436259974299903,0.3808170517099321,0.391965288105698,0.9489976457477782,0.2521936562781147,-0.1952262754277959,1.1571442570620276,0.7439453955375952,0.8894844451134527,-0.2353349826940249,-0.2602873721726957,-0.0593647542380925,0.4891896630817939,-0.2431596924750759,-0.1493037119793604,-0.5152922522349448,0.6712147505991182,4.975291458315916,3.375310644948287,4.286328880886628
W0038,4,0.6350394940678776,0.1069606276247079,0.3328490245812895,0.7596099289010377,0.434416580328132,0.1859654480045713,0.0,0.1502040787357642,0.3196649790148664,0.189328695418288,0.2590398228160258,0.3083827930611645,0.418399210800556,0.1146603716590198,0.1942833152838885,0.4878463885897768,0.9678560344809876,0.2618360405010138,0.9263549434485672,0.3106460085085035,0.2113185722011351,0.2264721569283842,0.2818105386491552,0.1868885374044934,0.1669297697248198,0.2009079985060867,0.3567847720572805,0.4386446191577571,0.9581487729490058,0.2757839301650631,-0.1377674593122583,0.552103742632177,0.7314929626973425,0.2090938457763437,-0.0199533429130605,0.2663000795286864,0.5240286896427404,-0.134757511841284,0.3101383453852402,0.0008694249239214,0.0527447746178766,-0.6720190707641877,3.1823087406011203,3.5114983387271934,4.20976357234482
W0038,5,0.5646594859642851,0.2789781579759451,0.1938939324725208,0.4630253921984555,0.2291849377646889,0.1572407867200263,0.0,0.1508214412787717,0.2540164033119064,0.1385934809264407,0.1288692331426767,0.2115244154834127,0.3987567796426021,0.0925743580886518,0.1360232469690783,0.2943345923544168,0.58614521583092,0.3895518096499206,0.5489851998307698,0.2592362438898755,0.1930218640007037,0.1893051348160336,0.3064196260868308,0.0987930437192927,0.2296794461131866,0.1409493354730932,0.1969323761656638,0.315144680932015,0.8676610242279816,0.1309051948576296,-0.314939160935593,0.7713793539502019,0.1207843996883073,0.079874005033979,-0.9838245571821194,-0.0893805124598017,-0.3399345846302689,0.55054607986155,0.1634713603448402,0.431160385311918,-0.4567200681840239,0.5242606417139987,2.13266070929102,3.0138477413687843,3.1940494979460365
W0038,6,0.3064838870333043,0.1150492764004024,0.1753633519827781,0.4404096537765232,0.1894302393362251,0.1875608014995633,0.0,0.0743933967547851,0.2252118361956997,0.0652120621126008,0.0601728120985839,0.1355300088613525,0.2840788399636169,0.0686401787956343,0.048608000013627,0.2356663401523135,0.1550043379427743,0.1264338577868348,0.376013134117072,0.0638203924125493,0.1411789485827369,0.1009543243621042,0.2053945101665472,0.0679078802400178,0.2116738128974859,0.2182626144393197,0.1424416419829742,0.3255880248785193,0.3217796201011116,0.1020689943488276,0.2793506956719368,0.4535420280627513,-0.3952633151637555,-0.5281579958042423,0.1634081643873983,-0.2296757840565113,0.2121123541699499,0.2424650527976884,0.2812732155997633,0.0310959121349229,-0.070083181387335,-0.3498001616296204,3.2188280708838364,1.9043456194724484,5.3738634672189525
W0039,0,0.1034482758620689,0.1034482758620689,0.1034482758620689,0.1034482758620689,0.1034482758620689,0.1034482758620689,0.1034482758620689,0.0,0.1034482758620689,0.1034482758620689,0.1034482758620689,0.1034482758620689,0.1034482758620689,0.1034482758620689,0.1034482758620689,0.1034482758620689,0.1034482758620689,0.1034482758620689,0.1034482758620689,0.1034482758620689,0.1034482758620689,0.1034482758620689,0.1034482758620689,0.1034482758620689,0.1034482758620689,0.1034482758620689,0.1034482758620689,0.1034482758620689,0.1034482758620689,0.1034482758620689,35.0,0.0,0.0,0.0,0.0,0.0,0.0,0.0,0.0,0.0,0.0,0.0,0.0,0.0,0.0
W0039,1,0.6793255262984139,0.2915889310842022,0.3728546905110632,0.676559192993752,0.4092829935983232,0.1957836317329352,0.9028768841827454,0.0,0.572252005096352,0.5576159893563859,0.3979886121684635,0.0953129461709045,0.6786206621268894,0.4054439584661556,0.2042731951601557,0.6054562143149222,1.314834887173776,0.4201011411600094,0.5776470930767981,0.309532873559197,0.472399544638224,0.2241622514782574,0.5595693378036236,0.1421475786716285,0.5184595917460235,0.2510428992179745,0.5597024303531831,0.4393883366078907,0.6873192909053093,0.1461862763495504,0.3573113428416712,2.1225038967353997,1.9481164216267957,0.9618887385732736,1.29944599816525,0.7163648059211559,2.236920221966051,0.3637993667474567,0.5870151366271609,-0.0398944013423046,0.8625594541929482,0.8132843398484784,3.4096216058196784,3.0660142956182104,2.142748479137264
W0039,2,0.6279891579720694,0.3760396077650184,0.3260193278259086,1.0016521974402204,0.4750457359849423,0.188214703254141,0.8874385136303874,0.0,0.6358554281902562,0.4269427149017017,0.2723100878148556,0.4275006422220073,0.4250456761743412,0.1582549208347238,0.3139738632820202,0.5982880878856933,1.0152539982616962,0.4697177647467626,0.7986368159683745,0.3228226288493802,0.4562720350550776,0.4017212879890808,0.3347502861310709,0.1380020981252301,0.435877002562946,0.2142453859769825,0.2138583031130004,0.4890071254495358,0.9089404930628556,0.3182646173539717,0.9299623129277232,1.8003389486624144,0.8505795342864305,-0.4830211987084839,0.98392806019857,0.6168865763907645,1.0209304913696304,1.0988519480886487,0.4153086793023235,-0.2816925760688058,-0.4343501649998629,-0.0470389819086308,2.0372728048464985,2.6213570702162854,2.9197151701159654
W0039,3,0.6151270532453829,0.2781565868975439,0.3339566349663636,0.9245201157696136,0.5378168389427137,0.1634396126323513,0.9690143129909656,0.0,0.3455233018439156,0.1363888668764918,0.0851412310444356,0.1731711530602506,0.1253549685755181,0.1572574764183447,0.2277983967031429,0.4158139130109272,0.8016865845145927,0.5161799321291648,0.6442200203707753,0.2806311319124862,0.146118405440401,0.1597144637734925,0.5682312091389085,0.2388530711605855,0.2437251342271653,0.2126093720079358,0.3195234437829847,0.4753827072448173,0.7179680267880396,0.0908761160169942,0.6852896044694238,0.3356871425912472,0.3193062949382084,0.3171400909990533,-0.1850942949277098,0.3169596268010994,1.5426251253089565,0.4614422492892458,0.5337125623554503,0.318168823469354,0.1365580670066848,0.4131221089342706,3.9803981850971497,2.804895101451442,3.3347395418555066
W0039,4,0.386631777215742,0.1903700377099155,0.3105229268153061,0.5751555220179717,0.3676385732943507,0.2074367856151288,0.581678380002097,0.0,0.2386481487024166,0.1280525280849727,0.1450752241111094,0.1154011405671161,0.5328156787877293,0.0894972230757663,0.1499380997197088,0.2680712363204567,0.6423344176328282,0.4170416070487203,0.6142294727976795,0.2080016118438708,0.2198307563028498,0.1520734170958969,0.2125757174731823,0.1660294461890444,0.1544397222252105,0.186469898251838,0.2591874715237808,0.1354555984228155,1.0164847472636076,0.2109260113872248,0.0276841566405348,1.0027923274118873,0.0821301522022323,0.1388398074137605,0.1957209674390299,-0.7962815695073583,0.3267288868249239,0.5149489342832446,-0.317602557080459,0.2080600179422143,0.3188669097271133,-0.1422988961202819,2.036951856088064,2.539211810525835,4.394331726256699
W0039,5,0.2222440916658549,0.2668180767744037,0.3238206551351592,0.70730068680225,0.6241022575112282,0.1292680440105581,0.5198882407311805,0.0,0.2551589944822274,0.1127117593450203,0.0551354159305715,0.0697931110498613,0.4309384231533525,0.0558182701197993,0.1863683120337416,0.2251161343344548,0.5050954569365911,0.3594464432194549,0.661795470231986,0.2170922268542721,0.1130780874536687,0.0876019866174245,0.2636617731813383,0.0723937466456737,0.1334778134294991,0.1029611196890905,0.1647545876589996,0.0990949441873667,0.6195561990783414,0.0891775414974755,0.502535326865148,-0.1868450338952444,0.0078067414849599,0.022535078549879,0.267279650797237,-0.0046956761087126,-0.8421823871965156,-0.3379824298151113,-0.6580493509430738,-0.2570259606844176,0.4388552502293791,0.0420155516384338,3.1572772312150974,2.986801435539077,3.4307189742013198
W0039,6,0.2783466308008493,0.0617264347166655,0.1916620467638329,0.4381863119236965,0.2501822370753106,0.1062488536406496,0.2106150307246392,0.0,0.1490341849877511,0.2123453025748463,0.1123724919274193,0.0985064053209268,0.2944598253653971,0.0674708770052239,0.1443791111878811,0.2542690293670834,0.5235764191261594,0.2164979308658196,0.3409802407100976,0.1974480422009428,0.1336671742138212,0.1264300944324716,0.2017492503809554,0.0566374734677502,0.1089463475181164,0.0318016650215666,0.1830257814483485,0.3074527329595717,0.8703788789386752,0.0710743446217944,-0.0206347337428924,-0.1392376276684629,-0.3291224467874434,0.1655116116178924,0.1402015834653795,0.5724929657450687,-0.4499204323398308,0.5456192402613945,0.3828066902429276,-0.5372623812979531,0.3504310199849688,-0.5304039072837081,3.7431206324687647,3.2967685323747835,5.233786498585431
W0040,0,0.1034482758620689,0.1034482758620689,0.1034482758620689,0.1034482758620689,0.1034482758620689,0.1034482758620689,0.1034482758620689,0.1034482758620689,0.0,0.1034482758620689,0.1034482758620689,0.1034482758620689,0.1034482758620689,0.1034482758620689,0.1034482758620689,0.1034482758620689,0.1034482758620689,0.1034482758620689,0.1034482758620689,0.1034482758620689,0.1034482758620689,0.1034482758620689,0.1034482758620689,0.1034482758620689,0.1034482758620689,0.1034482758620689,0.1034482758620689,0.1034482758620689,0.1034482758620689,0.1034482758620689,35.0,0.0,0.0,0.0,0.0,0.0,0.0,0.0,0.0,0.0,0.0,0.0,0.0,0.0,0.0
W0040,1,0.3433125913590033,0.2648158032059078,0.2195709490917737,1.029060079807956,0.4748572709499147,0.1977844962178372,0.9124622248703947,0.0623441929371932,0.0,0.5005835160591852,0.3513091832197085,0.2806186414795823,0.9146863192344584,0.2030802457776571,0.2848935239000385,0.814856136554192,0.676978745663866,0.4928567159137723,0.709617439520397,0.2328533881750489,0.2859858493934421,0.3354130345228642,0.4016222497646274,0.2966840824083755,0.2085223118282507,0.3358621939359208,0.6176641035674013,0.3451109833323244,1.070032289916837,0.2754393063952193,0.6011717384630824,3.0908946323894693,1.147337200787092,1.2281333075949852,2.2924838107181227,1.2178614955733855,0.9548330326461328,0.921695972190388,0.495938071479357,0.0952731814549291,1.0090989136307662,-0.0111116494609347,2.863477421895304,3.07265396766624,2.4184562886116683
W0040,2,0.548109619028615,0.3075572426140601,0.3757794065675696,0.750321200052152,0.4862717865747351,0.2450202489860449,1.3595236037028522,0.0818718795822262,0.0,0.383538162826351,0.1814389272314757,0.1585082269504401,0.5856782697721685,0.2699022152029655,0.23584164536124,0.309720862828795,0.7629336089264588,0.6908009089582968,0.4731355527781854,0.1974365486471622,0.2817590150179913,0.3588744966303641,0.6224512003587697,0.3062948391795215,0.505424247769183,0.3524823946204633,0.4711711524172663,0.4273528668548386,1.0366932576910015,0.2304562897655495,-0.1580769550475995,1.296609431723608,0.9289405385922738,0.6476647473858693,0.7225155103991743,0.4661788890545577,1.0053286755686337,0.9045447052648156,0.1872436467282208,0.3181432991760034,0.803869202473589,0.4467789810263733,2.988393293341416,2.843109936060816,4.165616033940947
W0040,3,0.4597922364505707,0.2151726710104971,0.4997856961804331,0.8181136217063549,0.3512251712155015,0.2484889273475207,1.1344433680466328,0.2151366206999007,0.0,0.351771762704974,0.0081188315571693,0.2256685204956393,0.7086120595621306,0.1739374842024021,0.1100872711390845,0.5197611134688536,0.8933585216411546,0.4170998344303022,0.7554991323851068,0.2524276885622932,0.3012951236796172,0.2474955151765901,0.4484397407726589,0.2606098714392395,0.1956170459188325,0.2642762244312857,0.3075382156142698,0.5153433037742151,0.8466786791660378,0.2756165371371625,0.543593357111683,0.3292716581213196,0.559298236364711,0.1919362038916997,-0.1436897961223754,-0.3555084323487555,0.666992267699178,0.9104166685827206,-0.0057967925721812,-0.043609198514099,0.7443180839727364,0.5693595816208131,1.887034021620669,2.941421678452776,4.988242601211196
W0040,4,0.316812921775858,0.2125934697956644,0.2113353216386164,0.5564258174206684,0.4146585506542791,0.2623403693129129,0.7756609945805147,0.1879729606213863,0.0,0.1830782253663286,0.2298065567659764,0.3002064264845147,0.3541029144908758,0.1099101357596857,0.1470728450838252,0.2152923733423649,0.8825418065827686,0.3565999058493455,0.6278358658809988,0.2025517480030827,0.0782532173054506,0.0923785898743401,0.4492024929229826,0.1831590678093114,0.2123913550855137,0.2722194142430293,0.2675392590839335,0.4335420473251916,0.8643305535403133,0.1139085217079831,0.036490703053813,0.2163156796561954,-0.1315879388225063,0.517135151632156,0.2695987989637881,0.4693050865995036,0.0945084432233865,0.5475475188615855,-0.2449102946706365,-0.258611764590631,0.1616943213099035,0.0627050169516603,3.041624299646968,3.0592964818723587,2.5272900960533704
W0040,5,0.078851091271572,0.2005316997307601,0.0421310073581728,0.6930174595677975,0.3447776934605726,0.0250675283551715,0.8215550984576335,0.1171574006328616,0.0,0.0970022231225278,0.1596941523661976,0.1712231314044955,0.3030804862055163,0.1274455052732714,0.0907072429238849,0.1780170904745089,0.2808534118438162,0.3953867539570235,0.6405176155313059,0.2276391221697459,0.0937923618444653,0.1844762126485565,0.4353985298485072,0.1226048813447591,0.1054615227205996,0.1569601754984822,0.1797064484717407,0.2501975367679573,0.8959644231988474,0.1121959246779774,0.1490847727822972,-0.0925326965763491,-0.3976758894416161,0.742529233914833,-0.4350618736316475,-0.0852242796804512,0.047398462728176,-0.0106435082212149,0.4354120873929642,0.4224952972207514,-0.3268864677658332,-0.0354355129088103,1.6538510794998666,3.906299345921492,5.198731818685468
W0040,6,0.1855294996583261,0.1280659922688898,0.163681501696397,0.440775729441528,0.1588641998018739,0.1224105387771059,0.4579997166002665,0.0381670751237987,0.0,0.0879562043579734,0.0626827663874901,0.1140551299531763,0.4485384042999241,0.078932207300199,0.160507064709523,0.2233971842322128,0.4779155121374936,0.1457042952454681,0.5711563388840869,0.1565766115611626,0.1692615673038702,0.065588529726212,0.0937987710734754,0.0351048348699006,0.16328628524778,0.1919651293565049,0.1658494476981093,0.2859249919841731,0.4719283029061956,0.1174882882454753,0.3349659910882738,-0.0299828730586648,-0.0305257230009906,0.0040702278453144,0.3115365000792982,0.1699187230754864,0.1847563685299229,-0.4233064283404055,0.2353924651959782,-0.4300376567943923,-0.1120890642849949,-0.3471638775129776,1.827240205508416,4.04700644782193,3.78539108653569
W0041,0,0.1034482758620689,0.1034482758620689,0.1034482758620689,0.1034482758620689,0.1034482758620689,0.1034482758620689,0.1034482758620689,0.1034482758620689,0.1034482758620689,0.0,0.1034482758620689,0.1034482758620689,0.1034482758620689,0.1034482758620689,0.1034482758620689,0.1034482758620689,0.1034482758620689,0.1034482758620689,0.1034482758620689,0.1034482758620689,0.1034482758620689,0.1034482758620689,0.1034482758620689,0.1034482758620689,0.1034482758620689,0.1034482758620689,0.1034482758620689,0.1034482758620689,0.1034482758620689,0.1034482758620689,35.0,0.0,0.0,0.0,0.0,0.0,0.0,0.0,0.0,0.0,0.0,0.0,0.0,0.0,0.0
W0041,1,0.3820376549266213,0.239774063077432,0.2862642937891008,1.073315929101153,0.4209826039604573,0.2028629519012593,0.5693075582106413,0.169591166870071,0.5508243599099514,0.0,0.3346161677787251,0.2865078483761653,0.4776184626987136,0.1702580264250248,0.2280112464581892,0.387791620240694,1.129053041865914,0.8803817130088331,1.286321563051434,0.2358826326994283,0.2673250502162792,0.3614868736718949,0.5153714739793381,0.3386768244818268,0.3637504567406818,0.2525150561751489,0.5726296716500598,0.3898827954298513,0.9672429402414254,0.2485605485931141,0.3106553551533225,2.1225406943384706,2.013471110980325,1.5283889548459892,1.00349754073625,0.7195204081766305,1.481602666460259,0.9737146514395076,0.8198833900951783,0.4547452338976587,-0.6979525324424225,0.592328674456047,4.821600101215645,1.8507816832360653,1.94391033358042
W0041,2,0.4747048951297891,0.3447740839066567,0.2554754979710243,0.9356108482674008,0.5907490073468725,0.2506296872242943,0.8856223623551711,0.2724744338280181,0.6101232891036901,0.0,0.3335663749128205,0.3483454558970479,0.456132361655213,0.1736605370905274,0.3102882074392865,0.5764637585825166,1.0888087009892526,0.8373356355251215,0.9994029587264844,0.3944655456349449,0.3137048937925599,0.190421776545681,0.5946672497803622,0.2332954470669388,0.3496834825333181,0.3374959195419201,0.3967868285899322,0.4138377921120871,1.3021754857074102,0.2013633935555601,0.2700340715266057,1.6483046290480174,0.5584923496448708,0.7141498222875848,0.520330522863848,0.4198946494261195,1.0801434310080014,0.2713520879802466,0.3115012196251484,0.1530720426956458,1.119508958947835,0.0276496588555597,3.312345927934439,2.821919675763896,3.5126847821140776
W0041,3,0.6151132607165463,0.3090360931309462,0.2581669365422471,0.6594449520240878,0.4915897560770149,0.1412543195675489,0.6521517344482081,0.116119322996636,0.2973624980724669,0.0,0.0553124161354228,0.3174198903741584,0.727002181020554,0.2550249771131055,0.1589345795768814,0.4155337313524476,0.8828542989698316,0.2990997801569961,1.1908131954623182,0.2124201648604445,0.2795699960783994,0.2556852683026904,0.2845338308663914,0.034014412817398,0.3323367424993174,0.2206761484330688,0.4413567050848743,0.4891128842208554,0.8287252425954876,0.1928374522747699,0.045714646883737,0.9415989416689812,0.7636411112744835,0.532488806549967,0.0571834822934193,-0.124718353341123,0.8954425765886941,-0.0299914953969387,0.2383866518521058,-0.0119004728293366,0.0293286677076897,-0.114866380330444,2.578125452453875,3.240717169858698,3.722061351447725
W0041,4,0.4494779782679937,0.2263012545038344,0.1481137595416838,0.7278950000151304,0.2984115055339085,0.080054894274268,0.5984479296922797,0.1392126849859303,0.3731344364791281,0.0,0.1086490822174769,0.173505654840658,0.3660511812594135,0.1827584436492705,0.2326738309271808,0.11799499868027,0.305327448862648,0.1985938769974112,0.4723704660556668,0.275462106333759,0.2072354263107462,0.1076023664232875,0.3630506014226263,0.1730667691303249,0.2352192433842096,0.1360507834159915,0.1751757782221039,0.2648636673628887,0.7223612340854814,0.1439594008648544,0.5865770736509669,0.0999126157107612,0.1538420955506393,0.3817485567321921,0.0377185290875752,-0.2231802506190081,0.3439216243757124,0.2651084681902169,-0.1351586006331359,0.4302131948243882,0.4289967947812426,0.2391624504317991,4.171350669214665,2.8248083838517464,3.2343392273614717
W0041,5,0.2952279208041387,0.1138106186309244,0.0467798840329535,0.3915456016297153,0.4457414870036932,0.1233101245740553,0.7557525914055758,0.1313613396531321,0.4070201799835043,0.0,0.0264043416003351,0.1294837892252185,0.581738519814301,0.1638306625750645,0.0381044544387413,0.2708694168524111,0.602586433340075,0.29739003894735,0.698230386822844,0.0903485385376968,0.150941099278383,0.1897978927881878,0.1984765454688644,0.0404572638260301,0.11497802377219,0.2269017947167654,0.1918635454228912,0.2447715431075706,0.9390768070374133,0.0662795598469478,0.1865579216827633,-0.2392317852758039,-0.2435867205483206,-0.543012786945283,0.4134855526751045,-0.4629952833123816,0.0251968863184284,1.007772979731982,0.3347924412244285,0.0495971755294421,0.3051945113899642,-0.0524728640260938,2.806690374648864,3.5484954991926827,3.8548664383427873
W0041,6,0.3694601276844547,0.1415110434557417,0.1752077744739519,0.5532810782279322,0.2665955890725278,0.073768876967351,0.3375293592833994,0.0343144577144545,0.0964404981328461,0.0,0.067396144105052,0.126520744058694,0.2323652408334738,0.0454901663271186,0.0797221572223828,0.1299720763447375,0.5293699323634389,0.1827545928114174,0.5083601992672093,0.0930107985861098,0.0684373234939695,0.0617610178342551,0.1399394450389074,0.0545264428206276,0.095238060977635,0.1413770837816436,0.1244955039917969,0.2108611221599892,0.1975423900370547,0.1526198423437114,0.9326080178912476,-0.0765883649873365,0.6818699805352875,0.2999900429626414,0.6360207350306472,0.2685774467348493,0.5282568539741765,0.0310033495096999,-0.2980039082783234,0.3043060636282121,-0.3741142755236942,0.2923358170195679,4.273994684244385,2.053153050549274,4.972852853176086
W0042,0,0.1034482758620689,0.1034482758620689,0.1034482758620689,0.1034482758620689,0.1034482758620689,0.1034482758620689,0.1034482758620689,0.1034482758620689,0.1034482758620689,0.1034482758620689,0.0,0.1034482758620689,0.1034482758620689,0.1034482758620689,0.1034482758620689,0.1034482758620689,0.1034482758620689,0.1034482758620689,0.1034482758620689,0.1034482758620689,0.1034482758620689,0.1034482758620689,0.1034482758620689,0.1034482758620689,0.1034482758620689,0.1034482758620689,0.1034482758620689,0.1034482758620689,0.1034482758620689,0.1034482758620689,35.0,0.0,0.0,0.0,0.0,0.0,0.0,0.0,0.0,0.0,0.0,0.0,0.0,0.0,0.0
W0042,1,0.7092645907937556,0.2106043949763278,0.3557685124643291,1.2176494382569438,0.6859240641705823,0.2478740651732769,0.8021156855062138,0.1455558065399863,0.529680132354952,0.316761758624845,0.0,0.3039215438372586,0.6365832216106316,0.2778846565184806,0.2728968617603562,0.559351575737431,0.6288184010915006,0.8545389106128287,0.8417742441491036,0.2581924988301119,0.3664538768447121,0.1891744312514086,0.283302640502307,0.2652274212679719,0.3295868812561724,0.2494893471472091,0.6361446726929969,0.4744352835787931,0.8951494119633403,0.2667675985794139,0.6266756043197742,3.5782781892521145,1.8087073494713468,1.5063423291651568,1.3397394086055652,0.6807446057674014,2.033821539729491,1.460952151468562,0.3320228104954281,-0.114705554772668,0.7667009329767267,0.9612190524676788,3.455553729263438,1.8298135680877172,2.5310730064369045
W0042,2,0.343253477136015,0.3148785769782064,0.3291404841722601,0.7681516889739237,0.7968282394220642,0.2046298069348456,1.3115698109558784,0.1585815232148076,0.3023317241021998,0.4731486502136685,0.0,0.2996263100180271,0.9728518200701112,0.1237695357623063,0.217108582060576,0.5889128171289795,0.8193782094111409,0.6107077992402804,1.3280968183149584,0.1471069385468275,0.2247407833075094,0.2247989070979132,0.3893314083259456,0.3669653378236756,0.4111151160211586,0.336927744870514,0.3068321631234626,0.33540489832875,1.2658263965107026,0.2629455162181374,-0.0442023941470438,0.8962202797477348,1.413851863647487,1.2079883071813786,1.322303700037282,0.6393092600103902,1.2936047414959853,0.8140951555264134,0.5130982352353819,1.1328763406335765,0.7876790224868213,0.021455420031813,2.5848427355539543,2.5934414833426453,4.350638149618246
W0042,3,0.3692602551279723,0.2130038564291609,0.2397790468752805,0.6861406203921349,0.7908928556427477,0.1901204312623072,0.6914330323942812,0.1856460448250585,0.5831057531682138,0.2005484159619207,0.0,0.2529917500889665,0.5096579622641754,0.2288320467439867,0.2855942059830907,0.2925386695387164,0.9075370275976872,0.4785614932798343,1.4775763320462785,0.1583019127197454,0.3879313642103258,0.2300590019839828,0.2352682684322606,0.2248004436899452,0.4112187417015258,0.2789520082454831,0.2295388488556937,0.415356319126741,0.7454983605888461,0.3576376278413066,0.0308211023227035,0.1538876663033535,0.3881712949662655,0.3693542181654982,0.5002164143681531,0.2302468407589178,0.9496127278414274,1.0383870387008152,0.0786179446624026,0.928912759108259,0.6343332599549419,0.226274100082864,3.630422636092871,3.303584286701539,5.748759917480605
W0042,4,0.4556678805085732,0.2294056664115527,0.3244323496129468,0.8357423397286549,0.2306169928780989,0.1445751735058118,0.725129719645765,0.1020230560536728,0.270803326680001,0.2882553482235259,0.0,0.0987725504154273,0.4358884723806361,0.1004225108565502,0.1532538454655184,0.4057777932336041,0.5258993233686118,0.2945845837861351,0.989964373083802,0.2386680476309247,0.2105694077564759,0.1304003056616544,0.3491976709915628,0.2632473584562895,0.3049829661505184,0.1093454960590217,0.2998407697503764,0.3060011835784356,0.7315946479830143,0.1101079939212592,-0.1695542555989927,0.6299396876075745,0.3575889258179671,0.4084208722001149,-0.2228911411709473,0.3840710250752659,-0.0077544979250323,0.6217430508489626,-0.0840501568180495,0.4123154814874202,0.015645315849853,0.2363761716902535,3.773876561161453,3.210000991233647,4.77994687372983
W0042,5,0.2502080407268612,0.2277666671479261,0.2764685680349051,0.6083700978208072,0.2888495716715334,0.0524634334653958,0.4459786185203556,0.0324869764804906,0.2059962602082085,0.1377114749334291,0.0,0.1109571354478212,0.3456974078571125,0.1178810493559243,0.1273695790296315,0.2411335066685427,0.4540861833601478,0.2678800353709634,0.6435488104896198,0.2026076411968851,0.2229055047107685,0.1740058313900995,0.2062997259147694,0.098606671067343,0.1519391075574068,0.0669241088583562,0.055836851044843,0.196131365818593,0.7217923790715095,0.1878716747987276,-0.4901424709731461,0.8381458685245243,-0.1451553139114843,-0.2023879406967338,0.0367083986483105,0.4110395449191123,0.1179203911419369,0.4493624696124162,0.1960189416459643,0.3375442596517801,-0.0500701427781262,0.1440850668398665,1.928285616042801,1.8199270482146916,4.281526867851445
W0042,6,0.191277047294202,0.1486851535972189,0.1863566597577031,0.4204766428863793,0.2360494421599255,0.136870592444156,0.4726590789969223,0.0486511655984679,0.0832055709778996,0.052035876884836,0.0,0.1165917184078695,0.2437986759855816,0.1188342385181714,0.0212166444477418,0.1188203124377195,0.5717472089219354,0.2490519449080238,0.6178041378325871,0.0104332143764607,0.1621764774929018,0.1777923242718598,0.2163584061320443,0.0673554926775787,0.1616892671961036,0.0507657329094311,0.1426154512148473,0.1803482585004389,0.4653632595071717,0.0552126207658136,-0.4716163313016638,0.4507288036549401,0.586339706334555,0.2814025342036465,-0.1077177394583853,-0.0110372022747027,0.2297024977820639,-0.2871206086543826,0.0020621416199003,-0.2625284732161103,-0.0761670035664573,0.2968515811917289,4.185706734049015,1.4787805772244815,3.5039128314774914
W0043,0,0.1034482758620689,0.1034482758620689,0.1034482758620689,0.1034482758620689,0.1034482758620689,0.1034482758620689,0.1034482758620689,0.1034482758620689,0.1034482758620689,0.1034482758620689,0.1034482758620689,0.0,0.1034482758620689,0.1034482758620689,0.1034482758620689,0.1034482758620689,0.1034482758620689,0.1034482758620689,0.1034482758620689,0.1034482758620689,0.1034482758620689,0.1034482758620689,0.1034482758620689,0.1034482758620689,0.1034482758620689,0.1034482758620689,0.1034482758620689,0.1034482758620689,0.1034482758620689,0.1034482758620689,35.0,0.0,0.0,0.0,0.0,0.0,0.0,0.0,0.0,0.0,0.0,0.0,0.0,0.0,0.0
W0043,1,0.4030075169373404,0.1899822958687987,0.297767271665804,0.5752392234980406,0.2924296165523798,0.1711120317103702,1.0384008417812025,0.1661699886554783,0.5038595563072739,0.2267596694308253,0.4014205700125605,0.0,1.0317624408656032,0.2823689798002461,0.3489273766376655,0.7069162865685034,0.7667125278113938,0.2074119789322329,0.9674516578255608,0.2732218284992534,0.2516861999962418,0.2960865647024452,0.3606738222300305,0.3122513087915094,0.5135590614446414,0.1581181603125629,0.360246050159962,0.4666290961922298,0.9110791052097428,0.2504558659821994,1.051933661470234,2.332900513869031,1.6430261791987717,1.2496841794838756,1.365460794730275,0.9174266675278544,2.22815891935832,0.7796774630970508,0.6722417580916484,0.720179284718332,0.1788321432443121,0.690744250479448,3.759768417103464,1.8680930547519587,1.7433022988989075
W0043,2,0.8805571642325655,0.2126408153987187,0.240833148317056,1.10494395632946,0.7107298123496903,0.2477589495993657,0.6038527417950982,0.1952149628781465,0.5284309615585622,0.327229564002821,0.2573069607138586,0.0,0.8980615149509151,0.220146979574794,0.2738154603945147,0.4661299968472302,0.8671931610764141,0.4462977236039074,0.1127238108215119,0.3933471832875588,0.3504462517276519,0.2619300398050859,0.3605865114978562,0.3766759071184961,0.3128583873823747,0.1518995300832453,0.0919638760007499,0.3814187293179644,0.7181542689874514,0.0739724668852322,0.0940435169180113,1.2504373501065214,1.003225196287544,-0.3314133716588345,1.3751345106340191,0.2911303708270136,1.834287329592556,1.2363373547361665,0.0508924894110537,0.3426057089388696,0.1463272131391061,0.3538439765028354,2.695241652431106,1.5812865478089355,2.77479536504723
W0043,3,0.8107339780052949,0.1186626582936264,0.3534741776962095,0.9629484676869858,0.6526406393343146,0.1562356528529033,0.9447446661154087,0.0679957714871413,0.5799352388120339,0.2567466488229148,0.1114388276144608,0.0,0.6777784332366176,0.1277811959556562,0.1953609310596666,0.2704034303336551,0.8002962098841009,0.1450386152587818,0.7992711550763772,0.150309605675312,0.2243110784997717,0.3349793402113063,0.3139240226139031,0.2483893414787214,0.2971956223808726,0.2736037629702766,0.2296647510920192,0.417446425809152,0.8982326306382656,0.2918699481702713,0.5556029180983068,0.6978545550791977,0.0702218781282254,0.727669528560005,1.4082052539874366,0.3425433014784199,0.5939196346195011,0.125533513292861,-0.2298086449273573,-0.4853698535467683,0.0182553588410402,-0.1927447241795852,4.035750947533571,2.5835420990964737,4.862323212289784
W0043,4,0.3470299364926468,0.2515372365417639,0.3414064650886269,0.8589701546863322,0.3303772191139892,0.1748313543449685,0.5153109079245742,0.0816264181832419,0.1878423159817712,0.1946187619983611,0.2106369034702144,0.0,0.4885547639302074,0.0798796552871914,0.1619273295219188,0.2812510400717308,0.7588305032335732,0.4041640621109679,0.8363764582013045,0.2189451408910914,0.2156663568829344,0.1254179644027434,0.2682747550459392,0.2039135922001999,0.2431310390472326,0.159199092038755,0.2123512010032646,0.2939539588172617,0.710703857213952,0.0718198996778999,-0.3465872473590734,0.2788007300110602,0.1482060072067694,0.1069083215168067,0.4371405614020088,0.2398126130371288,0.138516483202376,0.6389064650108535,0.6315813887576313,0.7083673616884221,0.1235345363522802,0.0365759591258665,3.502442017695208,2.10768063169348,4.765096875720772
W0043,5,0.2219650256839792,0.1826854681800224,0.2605074279566924,0.4940539860272761,0.3446542919380438,0.1057930752166938,0.5518882755016269,0.0478015357154467,0.2485182167134269,0.0968671493442214,0.0801186088129465,0.0,0.4624620454595317,0.0625240714025129,0.1489361559983186,0.2571468982890469,0.4899935919496376,0.220487179789186,0.7888127393911037,0.1561871048089281,0.1056893387843445,0.2354392961165305,0.3382515399189786,0.0192870105501146,0.2216455292267468,0.0746523580830846,0.328821829579013,0.1685994369342864,0.7666244484678191,0.0767190891403398,-0.9859232937811582,0.3486814390139753,-0.2502791947308675,-0.6842197619233945,0.8182743358706208,0.088202684171916,0.9653421497509048,0.488329714725759,0.0458134098478728,0.2943867426931619,0.3347448377124216,0.2602232465712731,2.413311184103617,2.78131841634082,4.083837410909569
W0043,6,0.1887842496619439,0.0861294174752529,0.1417153763038263,0.5586580081854858,0.3552399434414175,0.0995175671741076,0.4051519507021913,0.0435036465378392,0.25059343612442,0.0947020249861422,0.0736592139320156,0.0,0.3406167902356138,0.003857136316888,0.056532692377798,0.1650985011937283,0.500982613970869,0.1946125864559318,0.8414862952270201,0.1144314818335382,0.070391769023819,0.103596423439162,0.1862598408259751,0.083177892491596,0.1092835948371413,0.0951183382240492,0.1035719775784991,0.2017455851631048,0.4348898865300317,0.0543714612131554,-0.6178714275633332,0.913817338284958,0.4383562218141876,-0.4602036201323913,-0.3484022230282847,-0.268355517360609,0.0865513694304199,-0.086070125703878,0.2044215897786888,0.0850565252020974,-0.063480801895225,-0.2359760928750014,2.432474793610139,3.150010794174804,3.3106430874801545
W0044,0,0.1034482758620689,0.1034482758620689,0.1034482758620689,0.1034482758620689,0.1034482758620689,0.1034482758620689,0.1034482758620689,0.1034482758620689,0.1034482758620689,0.1034482758620689,0.1034482758620689,0.1034482758620689,0.0,0.1034482758620689,0.1034482758620689,0.1034482758620689,0.1034482758620689,0.1034482758620689,0.1034482758620689,0.1034482758620689,0.1034482758620689,0.1034482758620689,0.1034482758620689,0.1034482758620689,0.1034482758620689,0.1034482758620689,0.1034482758620689,0.1034482758620689,0.1034482758620689,0.1034482758620689,35.0,0.0,0.0,0.0,0.0,0.0,0.0,0.0,0.0,0.0,0.0,0.0,0.0,0.0,0.0
W0044,1,0.672485171758427,0.3674301318608584,0.4183246344878217,1.103049823501396,0.5174451206027526,0.2231118308416015,0.3004486588310294,0.2181992051799316,0.2637919696091937,0.6012707800691158,0.1847169784617985,0.2140359980410396,0.0,0.2428337169961985,0.3423536235531453,0.7255692732049164,0.8306162833892413,0.9528299902801264,1.0994825229888583,0.2943472160203147,0.2677960093087222,0.4107424251443702,0.6272337681318121,0.3709679839759302,0.5659046550360798,0.1576570490141932,0.4596842498164434,0.4076847324169642,0.5879318655411536,0.1209015893270189,1.0739368826669224,3.131747413939308,1.6278534550251529,2.087216460301337,2.9524440182783858,0.5902460280115136,1.8167464686476635,0.0780448554626285,-0.12805860946315,0.5584266701839329,-0.1738100969253894,0.0278945035660957,3.666999308185942,1.810670271049079,2.994998950403688
W0044,2,0.4567953573475983,0.1612177299418506,0.3814001657272206,0.769132660916835,0.5506602385815819,0.3042903607663727,0.9873968423571003,0.2280597017935397,0.5603784994974212,0.1809212189269159,0.3930034421093663,0.3689691405223891,0.0,0.1856558464944952,0.2032685907584064,0.247265765724011,1.3243671350606547,0.6133384095758143,1.1404966024691283,0.3744192597912593,0.4393740593116095,0.2756281729706867,0.6504823549623693,0.1499820376745576,0.4285059943283692,0.2432838078368873,0.2679996000656299,0.5587932124664742,1.5007318534991954,0.220652638456079,-0.5333980830350712,1.584398449874427,0.4625942862065832,0.6712952776434009,0.6263885319029853,0.6124732811753912,0.6272078369872429,1.0583973932256023,0.1867434026231178,0.0250716958018288,-0.044136345224897,0.978278847530686,1.930239307464078,1.620299539525812,2.2213449762209243
W0044,3,0.645369184843525,0.18699554781434,0.3354721285012135,1.128986739180332,0.2046103460560265,0.3334194567539539,0.9142164941435328,0.1855189048822352,0.542550391003006,0.2212784860198355,0.1241597972054787,0.1117012098730293,0.0,0.2880930778505313,0.1535328130054968,0.351836306403241,0.8655089966961572,0.5070861152152389,1.2113424794740075,0.2196232164113677,0.2762724346655068,0.2052063689514131,0.3256554282387925,0.2865734077876312,0.1615608875871159,0.2093724776463934,0.3528167955652129,0.323165563843115,0.920859433423576,0.1942628859398091,0.0003691203234979,0.1798935731186921,0.420557761562287,0.840075809947429,0.6004692244833348,0.2208374895102216,0.3038519365907441,-0.2581828747647934,0.3096773415034219,-0.8034442173156043,-0.8080235625810002,0.1486549524393441,2.836196974047558,2.6007706143210507,4.313802133656585
W0044,4,0.4496439432638435,0.2107173688106078,0.3025774048441558,0.6156436775375423,0.3971205999363389,0.0900849806756203,0.9823286372439876,0.062562261246227,0.3183436519818323,0.2409485894676752,0.242230259446005,0.1919505880894642,0.0,0.1841167231751743,0.0970176899738158,0.4057796278961754,0.5202805730788151,0.436275424046654,1.1717978123305506,0.0389040236611428,0.2632067497501546,0.1912242423675056,0.3105723750353636,0.1662227017102727,0.2806567134791114,0.1807782341828065,0.3783065992012633,0.3794849573800771,0.9347671869087358,0.134598220714621,0.0539402121425704,0.3552304466029679,-0.4821835463077543,0.4432898890595236,0.2789944924554967,0.6740156290394956,0.0772726666073643,0.5502884292646344,-0.3001789976876747,0.9231878382973951,0.02360362775378,0.789591753644347,2.981226935855041,2.9997296512181664,3.936739454026133
W0044,5,0.2716867200796591,0.2010266965160426,0.1819746619904303,0.7621124156792769,0.5292619760478998,0.171506596486962,0.2878592089995633,0.1260853749558389,0.3153075649014119,0.094721325803402,0.0918681320849722,0.2284764185393857,0.0,0.1552782766680289,0.1833492835080049,0.3882287079978935,0.71303986647474,0.2831609497150154,0.8319507999604112,0.0567039759147197,0.131887766825184,0.1782300940373002,0.1792342923830279,0.051709488468892,0.3057416376879616,0.1284579077290482,0.2117480023781701,0.2442058182319057,0.6684345564640124,0.1295009739334786,0.075629115023414,0.4482928402076662,-0.1933296276700608,0.4811921912663063,-0.3157835069891342,0.0275288302180793,0.0677967106798759,0.160606125281617,0.0264748330675042,-0.4620733158235878,0.3049555531752991,1.3791576204086873,2.999904687980038,4.205984556826315,4.442233784547311
W0044,6,0.0655425701469032,0.1475934793259478,0.1406906461701712,0.4672659677621822,0.3488241090692296,0.1408641098330376,0.5641629220491194,0.0158169257053832,0.1437145743186187,0.1075661693933496,0.0839830826870425,0.165664958570504,0.0,0.1059653462056922,0.1171755730023958,0.0938416889576043,0.4195647216709648,0.1150629696973653,0.4939623502588857,0.2039099633219991,0.1610154117842033,0.2083783622148541,0.1140117558912719,0.0658520073079442,0.1387572253302458,0.1470779552077498,0.1199359578111387,0.3257151259570857,0.6049769515751406,0.1226106554128057,0.303940479732923,0.3639013053961903,-0.0638436352693721,-0.430109096856983,-0.7171678041031584,-0.2014665401354864,0.2004780531226823,0.8579805332731648,0.9963499675804708,1.1061119008509877,0.2590962473429269,0.1416196664008437,2.778295891228536,4.220393716374518,3.339014397675474
W0045,0,0.1034482758620689,0.1034482758620689,0.1034482758620689,0.1034482758620689,0.1034482758620689,0.1034482758620689,0.1034482758620689,0.1034482758620689,0.1034482758620689,0.1034482758620689,0.1034482758620689,0.1034482758620689,0.1034482758620689,0.0,0.1034482758620689,0.1034482758620689,0.1034482758620689,0.1034482758620689,0.1034482758620689,0.1034482758620689,0.1034482758620689,0.1034482758620689,0.1034482758620689,0.1034482758620689,0.1034482758620689,0.1034482758620689,0.1034482758620689,0.1034482758620689,0.1034482758620689,0.1034482758620689,35.0,0.0,0.0,0.0,0.0,0.0,0.0,0.0,0.0,0.0,0.0,0.0,0.0,0.0,0.0
W0045,1,0.3668905991019234,0.2404703394269273,0.1961096820650553,0.9096414525895644,0.3584561384506424,0.1400414171853741,0.2516680117045636,0.2117654909233401,0.4577174494349681,0.3130081398194974,0.1183256907987692,0.30848320484284,0.8828609368241559,0.0,0.2578229386059472,0.410637166306581,0.7976273351390553,0.5825271370277529,1.0545427419226905,0.3377216690733239,0.4258037711251014,0.3910574149465575,0.4107468246727678,0.2684686706400193,0.4872611732980206,0.2710133817205536,0.3395205249533731,0.3750501686443982,0.7098562802279373,0.2067732874756232,1.281249130179864,1.89041407906456,1.1074427060689165,0.7355771340056098,1.3770481482037036,0.3918848940782824,1.3068395098406964,2.038772881063553,0.9624572073990842,-0.3156907682191586,-0.0589949184601892,0.8775383540745465,2.2841714616506303,2.667275113321593,1.6058351965086275
W0045,2,0.6930165131277362,0.3626293853096579,0.3738680486713635,1.0322192915014126,0.6704728041514257,0.2252137774575576,0.7491144619934192,0.1902869118184378,0.9249014235886306,0.2056150669614888,0.3006335018734523,0.2703686879082076,1.0300498532121656,0.0,0.4103629398905959,0.5009308343237036,0.6368807341068249,0.8633299185283478,1.3890617982103124,0.3880750541828807,0.3441057543155472,0.3271867236872038,0.4700619360440298,0.4101234803818161,0.2904732220287462,0.1504399601331855,0.2658414290674741,0.6533679387337294,1.150065517097314,0.2505598232803471,-0.2176314812266646,1.1532528326582925,0.1935749962846416,0.2342976882876107,1.3395984442153543,0.7004188044416193,1.132218934902398,0.8442628202194578,0.5013582678981993,0.6731296109230557,0.0447803027848492,0.1597615469894333,3.109282725811183,2.45904489414476,2.8601036272828053
W0045,3,0.5038331192338131,0.189816701551086,0.3302072732790886,0.8353749042017029,0.4043472611130797,0.1959520805899518,1.1041585031278618,0.1546726656758536,0.3309813698864713,0.2923030661386404,0.1310210716930158,0.1476157469474767,0.507327504091906,0.0,0.2363568356183829,0.5902452646618658,0.847984451828173,0.3282960885305384,1.1534003648903224,0.3195576724571227,0.2842350181121253,0.2360310070932965,0.3187983176975684,0.3189477470610182,0.284943725313956,0.3000739485577904,0.2601091895603452,0.4949404174424252,0.6068773798277827,0.0606485031118279,-0.594266352963311,-0.019483026202688,0.9912764864277795,0.8104658136772822,0.3044718299792204,-0.0429242262509964,0.4733080124457562,0.5032735525600753,0.6835707514636062,0.8661798358636599,-0.0145980793008277,0.2560438929079341,2.8910711337848403,2.1811804200049005,2.595046923187507
W0045,4,0.3004682551552778,0.2018216417396189,0.3090865284030525,0.7020355808957283,0.2027057978828672,0.19643256156248,0.9330962906866288,0.1698952303912074,0.0587967060663814,0.1712784484969615,0.1505017460183267,0.2070988679105307,0.5321135694411414,0.0,0.1856123016697947,0.3336197620184701,0.7930694560211454,0.2026789502630667,1.0259043928953735,0.1623122657907416,0.3155041178156003,0.1680334311077925,0.1934338466874501,0.2212381500187299,0.2999462847863359,0.1977935153941833,0.2510258343322686,0.2306548294445043,0.9483892400356552,0.1029521970880766,-0.2341558443167334,0.6424919903130138,0.8338403898061355,-0.0147103977978897,0.1181765286077334,-0.380889213716211,-0.0254248893060033,0.4651126945009777,-0.0349993812301236,0.4813136437422332,0.1966894228147952,0.6962827590833859,3.71646526332553,2.406839591742062,5.491507332453996
W0045,5,0.2223758193054527,0.1030572755798146,0.2695584958672873,0.3913459187466147,0.4079899155480296,0.0718241641459775,0.3169616790947734,0.1259763028451213,0.2723773606643643,0.1166035923687588,0.1653784227396332,0.1244181759406011,0.4600578070458488,0.0,0.1026640149341601,0.1869808544589335,0.4511218583225584,0.295511230711777,0.8539957102437854,0.1470380088739944,0.0859765177724471,0.1826091165187398,0.2062637086331371,0.1252591043163435,0.1896065685067487,0.0612328772884064,0.1573503270658603,0.3123434602698354,0.6493551143481889,0.0503557683440571,-0.0308648956601592,0.5162353862766484,-0.1159663622460802,-0.2093325476204385,-0.1583891648138717,-0.4826006047088134,0.2466496891732065,-0.0264614532032434,0.0011858713814,0.5494284856498614,0.5782852202707465,0.6411498049954093,1.4858972498241507,3.298781946832344,6.045096823036797
W0045,6,0.205689618695077,0.1012908786872388,0.1822389026798432,0.2808789996162689,0.2567878322703678,0.0283478932524039,0.3348255483143242,0.0434440066155096,0.1485741460621051,0.0843033849296329,0.0917160039875533,0.0678311526894853,0.4341462571739709,0.0,0.0810173590221399,0.2637172179511973,0.4191349807995919,0.166594514049555,0.3045751598523627,0.0641623244341723,0.0624090848704068,0.0547416664016602,0.0947209506527404,0.0932110513957275,0.0846373054552118,0.1056644840948452,0.1699622898225179,0.3347363476306311,0.5798899480844163,0.1126898387728063,0.4471431359762651,-0.0511998587508701,-0.4366701983262186,0.0635971196199171,-0.3264629764452753,-0.6853735134670674,0.6182943668218934,-0.0102370482006999,0.1991343648687659,-0.7825392535480469,1.0219146714310086,0.9154460800353588,2.7773174731875034,2.820799753639031,3.878110011633799
W0046,0,0.1034482758620689,0.1034482758620689,0.1034482758620689,0.1034482758620689,0.1034482758620689,0.1034482758620689,0.1034482758620689,0.1034482758620689,0.1034482758620689,0.1034482758620689,0.1034482758620689,0.1034482758620689,0.1034482758620689,0.1034482758620689,0.0,0.1034482758620689,0.1034482758620689,0.1034482758620689,0.1034482758620689,0.1034482758620689,0.1034482758620689,0.1034482758620689,0.1034482758620689,0.1034482758620689,0.1034482758620689,0.1034482758620689,0.1034482758620689,0.1034482758620689,0.1034482758620689,0.1034482758620689,35.0,0.0,0.0,0.0,0.0,0.0,0.0,0.0,0.0,0.0,0.0,0.0,0.0,0.0,0.0
W0046,1,0.5505798065008122,0.3465194830756976,0.3583885053444842,0.9842444725862118,0.7218449456494136,0.2194247698500426,1.0115111186875023,0.2149327188181209,0.7245103632002227,0.4335013134776451,0.4535573401904428,0.2488038086236802,1.0339400220521484,0.1971919018726148,0.0,0.4897889745313954,0.9606250461199386,0.2832179565955089,0.8064157745164914,0.3428750450246426,0.5333958832809647,0.2734095123019048,0.4423335631183505,0.2420204423747909,0.2963023824033072,0.3512138427255059,0.5131789932355382,0.4243457672381403,0.7710188965045849,0.2413947574254477,0.8026478476450086,1.5579458432719318,2.1878709857068377,1.5632093402614051,1.5278109316702544,0.9171782834479008,2.4481289846871293,1.4931060144151145,0.545672702465513,0.4256903788102223,0.8908181080989623,0.4623837443000141,3.3033591970204874,2.183809185646906,2.2515874743489883
W0046,2,0.3335028602058747,0.2581969846040773,0.2924483487928906,1.0190152497300098,0.7633088145711515,0.1944268173699861,0.8170353129336707,0.1195913695698692,0.6546367389221899,0.2916925782659722,0.0845574186882829,0.3006437934387885,0.7696023357021323,0.1789188113506186,0.0,0.6761554611354884,0.9865274135260628,0.4873700133274407,1.0365942872876135,0.3708545660963508,0.1796602160257958,0.1512119224102429,0.7256223003504305,0.2694854320608134,0.2678353893444055,0.2448604210224811,0.3460704966904472,0.4383870536250184,0.7289351386270907,0.1200409718333814,0.2416904019115962,1.018836187411373,0.3560193469874039,1.4234952243547614,0.5920832291670078,-0.1258862845807414,0.9348887107679856,1.0753860054306246,0.3164198954175017,-0.1957382970760074,-0.54721235726261,0.1006796200139233,3.1416660502793468,3.192879615600733,4.370022772202571
W0046,3,0.5690184122961163,0.2570093769374846,0.144935002972359,0.968501894881548,0.4107325201470864,0.1478848698545423,0.9155004401218052,0.1337889291840455,0.5018429512024837,0.2709440885323737,0.1905667259605446,0.1918878377910235,0.7705640626093073,0.1331043445135415,0.0,0.4155888976639189,0.8844084487150459,0.315862097532447,1.396347146007307,0.1578947429301592,0.1609011428518874,0.2489406374756655,0.3383765767145206,0.1941385524241949,0.2023021342299613,0.3290957104666512,0.4673959681552023,0.4515692735223328,1.033875266198638,0.0989652385151198,0.1030074794107787,0.5982042815486939,0.6495920273401613,0.2686238545708287,-0.7305582812821867,-0.2835914091261975,0.7159448671514922,0.1703256670597394,0.1443531874908362,0.214623979287244,0.6960070986654341,-0.1646032372500511,4.851034718748317,2.2221616792885035,5.403233033320863
W0046,4,0.448612746091328,0.1116381429306282,0.2350864734355054,0.8374792834796522,0.6084478249372136,0.1340809019587663,0.6614039554186242,0.2213496750632154,0.3403148513560597,0.0865131469469797,0.1769505791190085,0.2034706045367368,0.447510362380232,0.150065903793754,0.0,0.4167756441899248,0.7049827209429821,0.5089440137592565,0.7499215834837073,0.232261295086378,0.2598317244346069,0.2106756351414514,0.3555118160526515,0.1551332247621473,0.2540701593111404,0.2194973510073778,0.1469809910221632,0.243784404735063,0.900781751916394,0.1954864401605927,0.2490036654503749,0.8296469526206556,-0.1492767321104707,0.1862072283933149,-0.2127732248809713,0.0864796724164955,0.8562996762008614,0.3754409176280139,0.1193578859921981,0.4223639329503721,0.9041903380495866,0.4824451509420301,3.915545059117168,2.788807486881843,4.676534905424471
W0046,5,0.2435552997088526,0.1501471739154043,0.2825731132133852,0.418572025773622,0.2549757730092588,0.1304643978783838,0.4516929595397387,0.1609122032710574,0.2724501804920473,0.1791023686583744,0.0426050685793495,0.0276821099189082,0.5423484804215046,0.0951755591567457,0.0,0.0467054501805358,0.8900990827625888,0.3947928883241968,0.4764893390323191,0.1823057640009491,0.1126170468673044,0.1504355425825581,0.2547833182682805,0.0935882593134558,0.1886530662085849,0.068949189380355,0.1274737731044101,0.2325873909024935,0.5510480196534117,0.1833582389078262,-0.6563106368594428,0.095068520057506,-0.5392256580921521,0.1101914186199825,0.6763855701677316,0.5774520789679561,-0.0802566978106231,-0.0686148629337064,0.5174217037563966,0.2145735245822751,0.3346125706170876,0.6408294846224617,2.183644211883691,2.8474956080124905,3.1704378415993784
W0046,6,0.2378254559759113,0.0970854496164488,0.1412431693610616,0.6424227432028989,0.2493628940725998,0.0756924441984747,0.3916774456755181,0.0691976596008691,0.2180435385519491,0.1958858683516173,0.0161448506636111,0.0837494744330238,0.3798674118525805,0.1106853456582405,0.0,0.262760635261363,0.5189602173608566,0.1973425420593299,0.4243530798214444,0.0727873620799799,0.0577178438822714,0.0659903190284024,0.2317708727027595,0.088064405685536,0.0312710194263655,0.1058557811171915,0.1310675814981622,0.212920916731081,0.6686108970956758,0.1062117376118675,-0.3024900163765422,0.4885140898682959,0.3555450339171658,-0.0195968566122743,0.4529363840749436,0.3763372873326581,-0.1425552769137628,0.0107091930132569,-0.3227248497984686,-0.1882889344902469,0.5847889071384655,0.557755300874736,1.972866158189904,3.4881180844011004,6.370425333195841
W0047,0,0.1034482758620689,0.1034482758620689,0.1034482758620689,0.1034482758620689,0.1034482758620689,0.1034482758620689,0.1034482758620689,0.1034482758620689,0.1034482758620689,0.1034482758620689,0.1034482758620689,0.1034482758620689,0.1034482758620689,0.1034482758620689,0.1034482758620689,0.0,0.1034482758620689,0.1034482758620689,0.1034482758620689,0.1034482758620689,0.1034482758620689,0.1034482758620689,0.1034482758620689,0.1034482758620689,0.1034482758620689,0.1034482758620689,0.1034482758620689,0.1034482758620689,0.1034482758620689,0.1034482758620689,35.0,0.0,0.0,0.0,0.0,0.0,0.0,0.0,0.0,0.0,0.0,0.0,0.0,0.0,0.0
W0047,1,0.699633025001011,0.2184479177445375,0.1084837914362401,0.7240186249146499,0.7968812206699583,0.1488395387041042,1.032321760197773,0.0889432056788699,0.9175234556648392,0.2324741741341918,0.4531136380759483,0.2468890982537189,0.7902570819612328,0.2964874026709611,0.3240057966057747,0.0,0.6293641119793697,0.9501246892238662,1.0232607420895834,0.2615037073291478,0.2118407563901394,0.2941278081297079,0.5601566516600389,0.4772534835350942,0.3538103510230473,0.2891102214752551,0.6737707193057747,0.3705373222394011,0.5265919760021367,0.179780069926635,0.6517276520043292,4.165631118073895,2.1215330622865816,1.4783089700419514,3.058636797653625,0.8843004082314623,1.391268395777739,1.8125637861124648,0.4719232548909149,0.6725100322258352,0.106894752789341,0.572698340518561,3.3620634482508223,1.790552878552771,2.1807019235451435
W0047,2,0.5134099629860566,0.2859351862659723,0.2925365859441479,0.8852705864166548,0.4747447312507504,0.1521247387935465,0.5468782552400289,0.1832187996105404,0.3998527601161531,0.3847513298869446,0.2296860237803254,0.355638742698228,0.9112693150608836,0.2265510089710682,0.2553149869095455,0.0,0.8058375499701294,0.4862387601970596,1.3889640878590668,0.4636411298282714,0.3030902489345436,0.3727277045393561,0.5691318487398463,0.2484503326270663,0.4793090093846622,0.1681228926393276,0.4965216244861775,0.145816609445955,0.9239219134701252,0.2653294991319101,-0.1763532498878872,0.4380665984921238,1.3356189543224977,0.7944629282344695,0.2550963629631325,0.3878824556748748,0.0437596003353735,-0.0898966311000185,0.2682024533653818,0.9100227441382924,-0.363343855726727,0.8226000104305535,2.827315994351314,2.470486585329484,3.863459408559717
W0047,3,0.436413738132697,0.4514060897888966,0.2863187352388256,1.5278180672153456,0.6137964528415851,0.1668845720243327,1.1654921596013492,0.1328232262936886,0.4124111261218451,0.259299087856565,0.2296215194826148,0.2767484753175041,0.43377218807549,0.2075416383579463,0.2837763899085004,0.0,0.674138330441851,0.3043918019061976,1.4625785739347827,0.234082437755578,0.2863070765518248,0.2750784392076428,0.4376094758354169,0.2446786475927439,0.3050575448382928,0.2982971383865176,0.2115751319789618,0.4677438635328395,0.8822042525626581,0.0508510772533251,0.8194161984615073,0.6509932520901738,0.5028197466809777,0.5051936337165721,0.6665807686952219,-0.2720969597229364,-0.5992655534768324,0.177461436406391,0.9107707051516776,0.1115751146218617,0.3456798656229492,-0.0765876315462646,5.012352637912652,2.607220426117709,1.5360136328233485
W0047,4,0.3505737515491499,0.18158840438245,0.3163408586526892,0.9222021881787617,0.4337449360227709,0.0900768486065834,0.7605124243712339,0.1885137353433981,0.1848330274506639,0.2291802447225394,0.1562865471796378,0.257006323482263,0.6236404635576478,0.1264908580369294,0.2211981000339752,0.0,0.8636061459585889,0.2913616219888421,1.003255203926619,0.2249116179902713,0.1609333993222086,0.2044052610266387,0.4622087292168407,0.1983053291284035,0.3123187419486817,0.2167261149819842,0.3177532558117752,0.1794389007393451,0.5867678508780441,0.1714384053011659,-0.0482186063712017,0.3269260935496876,0.2004931373059776,-0.5610000659614707,0.0516963414895009,-0.0245290029530054,0.4208811011663365,0.4298018709438153,0.7719289303870758,0.7244313978970662,0.702274908624618,0.1261874895030657,2.768119718759284,3.437127963331077,4.50880534673974
W0047,5,0.3750702944176348,0.2064238339590312,0.1942040270850129,1.009599755473517,0.4148277748048138,0.1125413014533885,0.7731641541339749,0.1124642186362324,0.2477119674451596,0.0841374648597921,0.0973444971095089,0.2243588081612348,0.4189919616553675,0.0952946371310614,0.2109335879103213,0.0,0.7281989536541443,0.1374821344656587,0.5386486175987227,0.1124936326582173,0.312139232322884,0.1909038305834458,0.2589724810457023,0.1694602198670155,0.2077592131076742,0.1366917406611617,0.1074634548184999,0.1411998810245672,0.5329949081910617,0.1561194702934083,0.4856817969252077,-0.9042488306454078,0.3918795740120805,0.3581120338063381,-0.4760023368601607,0.5561264111108426,-0.2191608173965794,-0.2637012345747678,-0.0920834782079536,0.7320165222981075,0.0980082569610953,0.0506608235928229,3.252314275361373,3.4678047638250287,5.751110576081723
W0047,6,0.1376003007964892,0.1402049215060632,0.1082471214091014,0.2923777475709649,0.3602999394192852,0.0571232146370079,0.4855741894000872,0.0935783579944692,0.2324041315246633,0.1041471637241878,0.0579205669811185,0.115650513095006,0.2081739421204769,0.022420873222902,0.0575519241832967,0.0,0.2287957184807412,0.1785898195531828,0.8731194580265296,0.1193883434719156,0.1075870748132288,0.0928443502074113,0.0787202558278313,0.0878556376790391,0.2008744585033578,0.0781657714195457,0.1222816307472693,0.2476419509813776,0.3833378958937405,0.044331576337202,0.4885521533972036,0.4538209637036152,0.1138134402984348,-0.139302617953788,-0.1519259875815314,-0.1149694630978137,0.26758600638166,-0.225001396330001,-0.7035321534083178,0.1274146485709439,-0.346713500934719,0.6616173671982083,1.403731612059702,2.9897773765749904,5.962940479899857
W0048,0,0.1034482758620689,0.1034482758620689,0.1034482758620689,0.1034482758620689,0.1034482758620689,0.1034482758620689,0.1034482758620689,0.1034482758620689,0.1034482758620689,0.1034482758620689,0.1034482758620689,0.1034482758620689,0.1034482758620689,0.1034482758620689,0.1034482758620689,0.1034482758620689,0.0,0.1034482758620689,0.1034482758620689,0.1034482758620689,0.1034482758620689,0.1034482758620689,0.1034482758620689,0.1034482758620689,0.1034482758620689,0.1034482758620689,0.1034482758620689,0.1034482758620689,0.1034482758620689,0.1034482758620689,35.0,0.0,0.0,0.0,0.0,0.0,0.0,0.0,0.0,0.0,0.0,0.0,0.0,0.0,0.0
W0048,1,0.6585568408808135,0.2234561759418332,0.3218186322207255,0.7623590727578191,0.397294185825722,0.1713624307179841,0.8444697246414581,0.2044682290799107,0.712471017981885,0.4575597490702818,0.3470305771819487,0.1321758123623721,0.9827481834716216,0.1266937170916559,0.3459682604931002,0.9526938176477676,0.0,0.7132412455047599,0.2555899494552774,0.213464056599044,0.401655252910589,0.4302079133750348,0.6277389807424758,0.2626116552825418,0.436082203199792,0.169619433105785,0.4247231600958183,0.3168294714659668,0.5313040476937909,0.1364766496774874,1.5454928263051562,2.61340018816197,0.7559659799080505,2.5063816702474924,1.08269923307748,0.9422908073164852,0.6457204267537744,0.7085409412815551,-0.1203492007299477,0.1667707098138276,0.7815944063759548,0.7604325575084793,3.9627471691765206,2.8067215571810875,2.8767510216825607
W0048,2,0.8879001723763099,0.3928983125307225,0.1030102146708644,0.9005975724809627,0.8437129793536646,0.1586273791740472,0.9488866381250998,0.2462000375607722,0.3457773368788849,0.2006829442428025,0.1580434519495696,0.2846091926745031,0.4718569903646193,0.1197917885419984,0.2522295328281935,0.4698748794923031,0.0,0.4915763548940093,0.8103163596232159,0.3479639123817262,0.3124676818508313,0.3128315400423576,0.3238634283117002,0.1679439578275154,0.2991095718001968,0.1036058391555752,0.4453482859950526,0.46794932715945,0.5908832142783784,0.2886699829585766,0.3043740788152983,1.3315758586328676,0.5995130119437333,0.7525734717083059,1.686376670405384,-0.0214414687116824,0.0569490472288228,0.471943167126908,0.4763653857325645,0.6962456539784652,0.1922947225252173,1.4550502070543263,1.6787709673600488,4.721290899339473,4.345424988609739
W0048,3,0.5756991811457306,0.2235529240999106,0.2424338572315621,0.8116308139157117,0.4592583085614372,0.2181269535837841,0.6105273641307551,0.0647980795722864,0.3872157148983862,0.2263063648390649,0.2835337047514664,0.2901228336560017,0.7250434016975744,0.1126274611320444,0.1319721189044677,0.5496113841311263,0.0,0.5997610793373163,1.067919374903027,0.2492118267656271,0.3053277343041415,0.3028101027729902,0.6014365116438606,0.2235777001459887,0.3975374523809413,0.3167451900725053,0.3027211424008415,0.3091518943543032,0.5754672492881778,0.1292590869193588,-0.0503822530571539,0.9910647867821786,0.3439820848309699,0.0766982069952684,0.3577493955661209,0.8155635978665615,1.1013065487484417,0.1978906310220956,0.5137279989939669,-0.4886135773954189,1.3449062022571832,-1.0533677885597128,4.53069639226004,2.9104775405185874,2.819291462502351
W0048,4,0.4151114164666536,0.172602055064417,0.3239976004736794,0.9047978194093806,0.3951291108380834,0.1550612998169421,0.4167519334666559,0.1297312208574571,0.2422413367585681,0.2212704693528432,0.2706636932974355,0.1028655465627425,0.5940695442367092,0.1371380930236391,0.1248675908874863,0.2359740865297998,0.0,0.5309515368644848,0.7575719579718136,0.136161698006187,0.2471280879283481,0.1617902340270768,0.4926199736453097,0.1264657339523923,0.0346755209999694,0.3285203295441083,0.3269560136429605,0.3324891145818294,1.4058787516008715,0.2073270711465726,0.06727403986618,0.3031381601768348,-0.2959256584447637,0.2129847493267201,-0.0363969948089255,-0.2930351015027894,-0.0779092590050056,-0.3234358857502299,0.5515835669821048,0.5227023399695101,0.7237751779309778,0.1898511428413672,1.912744549661434,1.6930966771073144,2.777629688209595
W0048,5,0.2496276500620473,0.1027448536778621,0.292953943367014,0.4286085919219849,0.4223712508188971,0.0946975649731801,0.784885258711716,0.1504127976076061,0.2771785303857154,0.0692941537589228,0.0586329598168613,0.1226512285014365,0.5404249044732691,0.120035360359497,0.1314037936725947,0.2888667555652678,0.0,0.2803863521972851,1.203845191599302,0.153973369799006,0.1017631211351798,0.1982156257049732,0.2839925050017,0.2201491909920132,0.2050746284686583,0.1407468653150484,0.1012528336776163,0.2133234428684401,0.6468800800887609,0.1335853430411964,-0.4430453812267017,0.7082453096240989,0.4479650078797162,0.3803836539088455,0.2460095186159583,-0.2065884272409278,-0.055969147579032,0.1371324528200041,-0.3105962103047426,-0.0928024831051386,0.6299852041825383,0.9603190917033048,2.877200784401864,2.161466804210568,2.7402982549057557
W0048,6,0.317728666457245,0.0959937965748978,0.1138899159356995,0.4510227479355382,0.3039087599171609,0.045364762145065,0.4241497298606426,0.072248903723748,0.2072311784005925,0.0627695647954973,0.0730016025459656,0.0888378799718961,0.426356717254981,0.0614198881767228,0.0709591722153894,0.1818283172315817,0.0,0.2306558725911126,0.3564345123899738,0.0987516424602502,0.1131301865139896,0.1272035602344722,0.1840740113284615,0.0970096740086512,0.159303512164103,0.1422071370105324,0.1551170140519777,0.243624758660044,0.4382457965540162,0.1016282201565479,0.3016807518252924,-0.5088576575438093,0.0435998127545552,-0.2022673623799746,-0.2098572680416365,-0.1589915861008781,0.8194784228673829,0.0712815166628529,0.5792651768255407,-0.1950816161400016,-0.2903134214147849,-0.5337345495992336,3.632532928311341,3.504671461223188,5.279041219489146
W0049,0,0.1034482758620689,0.1034482758620689,0.1034482758620689,0.1034482758620689,0.1034482758620689,0.1034482758620689,0.1034482758620689,0.1034482758620689,0.1034482758620689,0.1034482758620689,0.1034482758620689,0.1034482758620689,0.1034482758620689,0.1034482758620689,0.1034482758620689,0.1034482758620689,0.1034482758620689,0.0,0.1034482758620689,0.1034482758620689,0.1034482758620689,0.1034482758620689,0.1034482758620689,0.1034482758620689,0.1034482758620689,0.1034482758620689,0.1034482758620689,0.1034482758620689,0.1034482758620689,0.1034482758620689,35.0,0.0,0.0,0.0,0.0,0.0,0.0,0.0,0.0,0.0,0.0,0.0,0.0,0.0,0.0
W0049,1,0.6728332298418593,0.2206135207479261,0.3135485931200065,0.9289801280088326,0.408796910662649,0.0776725383770494,1.0272829957301035,0.163671700155847,0.8141623724252625,0.4462434949911466,0.3442677137818858,0.1832003449370083,0.605113263630299,0.1787210531141219,0.2510887336337056,0.5498026443902948,0.7308203982833245,0.0,0.661436689570264,0.2990115554482724,0.4469839221242993,0.2908641318743892,0.5307288457069228,0.4164554653731799,0.6561824591399221,0.2150402616233987,0.3547922300611387,0.0158359561001971,0.8537367886149184,0.1871335702559,0.9701123887324532,2.849629936459709,1.2626044250746005,1.779400006213298,1.9002065929322776,1.2498329951817166,2.537354225900216,1.2352146530299992,0.5596336495149618,0.4526212696607581,0.0521883739050328,0.2788459773743794,1.9025825958168223,1.6160641189177911,2.49319855330568
W0049,2,0.1396633461229083,0.3393281534690137,0.4119963428389575,0.9116496646072731,0.5299294819378758,0.1979444996539219,0.806847917106488,0.1451965626019265,0.5890515563710417,0.2744126989415758,0.251188701227555,0.2684098531569628,0.9785601756742162,0.2509066474548067,0.220171490014093,0.6918928399827449,0.9950357189453544,0.0,1.0326924743837864,0.2039844046665431,0.48452876863172,0.3234681047178094,0.7340059775437873,0.1658429469561027,0.2876613751156371,0.2699374057933458,0.2866827781024462,0.3232233952247539,0.7438901479226805,0.3711375144407045,0.6580896078585753,0.8253272377424024,1.380932519802428,1.3713721443013018,0.4094636800602131,0.3824092795912194,0.5722225906650261,0.2920216566816848,0.1761412811365284,-0.2130019451839283,0.4414303215754123,1.331867204982338,3.116412361829524,2.121344489333778,1.7670060327753356
W0049,3,0.7455290108462409,0.253662261165936,0.3105383388133033,0.8380213816110341,0.5483589738221347,0.1838332447245531,0.6710786666853936,0.1085644957159948,0.4529088016968242,0.2010340417169563,0.1373397616394879,0.1865797753335276,1.182854511876772,0.2691105491521777,0.254348301597393,0.2650631288256561,0.936098083559768,0.0,1.1322176739727214,0.2782932071905248,0.1010960938267362,0.2776964997908445,0.3182565532597847,0.2049582579339513,0.5282550387601366,0.3242821869941606,0.3604296461706938,0.4521149555003946,1.3835957494160942,0.1577821098472053,-0.3164535719122509,0.8112085853019907,0.1968213542986671,0.2558749210704665,0.949932947308432,1.0842987100920702,-0.3071848903153073,0.4787920782136093,0.4875893054505536,0.3093394898341736,-0.8192106430765522,-0.0574288834202493,2.5795721674604994,2.8124053927460397,2.7741707183931594
W0049,4,0.3904916285827104,0.2645236856807366,0.1948619376051635,1.1058349014588418,0.5810242533031797,0.1170067271168344,0.7629841521708622,0.0770733465774304,0.3486629027120912,0.1632550250828999,0.1758473411605773,0.1145051038593061,0.6298266896059362,0.1651288596044217,0.1103978880611731,0.4943442382916999,0.70485835788781,0.0,0.7981795116995478,0.1369698522639106,0.2702944765267516,0.1726811964241303,0.2272395306919175,0.185444167115677,0.3136029168781271,0.3412969577296291,0.2828477008676976,0.2954692164907318,0.7692028895925196,0.1015476275302998,0.2191244165648604,0.3198139097365818,0.2238398809151287,0.4393653426516688,0.2592697925372128,0.1346598031321695,0.3376238923018057,-0.0808987967755411,0.2467819932472966,0.1420118011135346,-0.190889737272131,0.9658157164248716,2.836719297309571,1.4831280371349045,2.3622489942174703
W0049,5,0.3674910867464958,0.1607718112568006,0.1908733197754051,0.5301034494957357,0.3386128438743838,0.0405030814391208,0.5457798815504242,0.0897873268653549,0.1296656881827016,0.1483425613098063,0.1491275982466637,0.175754757440913,0.3621063358025463,0.1079878615898417,0.1491363524789971,0.1773062222343694,0.7151113682704977,0.0,0.7911136089243163,0.2172238732453929,0.1452605197246225,0.06282606045028,0.223271884762636,0.1821412079482962,0.1492732544138877,0.1470552418968199,0.2241094545599873,0.0999595815076736,0.98810914276838,0.2173808577096824,-0.1892894111842158,-0.7377729857715495,0.0677511833743238,0.8344469097842111,-0.6530071028465425,-0.186060534725395,1.0359760654730816,0.1479833180108559,-0.0931336163197033,0.2540071235568952,-0.0188176075964613,-0.0905075063750627,2.620688251487054,2.3816115535787032,3.733097929239993
W0049,6,0.3255033109790993,0.1593159531079651,0.1898270472747101,0.5649509027563213,0.2779272589979406,0.0694969867932464,0.691402699059229,0.0845989684140566,0.1385191549926301,0.0879451536400666,0.0893813861920624,0.1111891510348283,0.4417354115331464,0.0630140045633899,0.1328643479713319,0.2051121691534414,0.6004934058457729,0.0,0.3998530858026382,0.1310043535642612,0.1208392708412762,0.1056007158540313,0.2662347580070802,0.0442685439638037,0.1013928010035069,0.0631671141711293,0.0653019355128474,0.1418934990925118,0.795769721301166,0.1901084239189615,0.1405391361858317,0.2703375935485081,0.2222148340364494,0.469230706420511,0.3843300359061588,-0.4953351451995723,0.2768481165443848,0.0326700866422032,-0.2197628612081202,-0.3602343070816874,-0.2455978180539849,-0.3488165742476045,3.041677249287073,2.540853448082081,4.7025648184777005
W0050,0,0.1034482758620689,0.1034482758620689,0.1034482758620689,0.1034482758620689,0.1034482758620689,0.1034482758620689,0.1034482758620689,0.1034482758620689,0.1034482758620689,0.1034482758620689,0.1034482758620689,0.1034482758620689,0.1034482758620689,0.1034482758620689,0.1034482758620689,0.1034482758620689,0.1034482758620689,0.1034482758620689,0.0,0.1034482758620689,0.1034482758620689,0.1034482758620689,0.1034482758620689,0.1034482758620689,0.1034482758620689,0.1034482758620689,0.1034482758620689,0.1034482758620689,0.1034482758620689,0.1034482758620689,35.0,0.0,0.0,0.0,0.0,0.0,0.0,0.0,0.0,0.0,0.0,0.0,0.0,0.0,0.0
W0050,1,0.3508988661905797,0.19089894944707,0.251415216290941,0.9773673132713698,0.2561259286703118,0.2660419984626745,0.8851954382738666,0.2053073593033414,0.4394609316605923,0.2374679013993212,0.2986624806343899,0.2989827346365702,0.624058203972164,0.3580144248906586,0.2827774399081894,1.2664749314026365,0.7041973874179503,0.7061785648069249,0.0,0.3214012804468376,0.4953839097019581,0.1286934953257316,0.4264963288445197,0.3223899138844138,0.3888907881268815,0.1775927110777697,0.1352592653388616,0.3359016338231765,0.6712576562735741,0.3483679395048293,1.1841081620714595,1.4002652199100452,1.946195942427076,2.205544311298715,1.452965485413637,0.6626839255437496,2.1332186360597345,1.419795608558192,0.2368697611070598,0.5812810644856067,0.4074799971590649,0.1800126208165884,2.529720534689484,3.452341100350845,2.2333953977044034
W0050,2,0.3742401344547585,0.2100999409677558,0.2839123339318273,0.5208418572029705,0.6002886362175762,0.2633021745913716,1.134043053544503,0.1968876727481657,0.6381869160907784,0.2147784382675646,0.2345822351831065,0.3091061783681987,0.8743486935985483,0.2356749891172815,0.2764427434485358,0.633032351986478,0.971434615480203,0.2614323389757229,0.0,0.3664737885955461,0.4099422905598583,0.2846912162036303,0.412167837525056,0.3959717609372621,0.4005806214284653,0.5513525055422528,0.2206521012616066,0.5620514218232474,1.100043736076087,0.1669236025211287,0.4248875392719516,1.2391235174056412,1.161908375545631,1.7850541980188337,0.9366213517094064,1.1247391695561857,0.7800378020480312,0.7366327359786513,0.1150094030091269,-0.5787986652766541,0.1903392685710019,0.5852118698359619,3.6255085726464458,3.3934516181103094,3.046264004195505
W0050,3,0.530676506916284,0.0543424591045945,0.3173387912791011,1.2630019042042084,0.6908690629623075,0.2162918858024375,0.5215701736915328,0.2914598014238901,0.5041856806571977,0.2294060662879689,0.0718186450773013,0.3074426758608541,0.9217456891322116,0.1076965951489107,0.3075353474312042,0.5394738446954521,1.0128300462011457,0.4338811937822119,0.0,0.0725348842083033,0.3264255041912805,0.0570274293468648,0.544220258416202,0.2678354357070723,0.3930053947471663,0.2451030516504633,0.2087936957977193,0.4259002506040377,1.2855923922960977,0.2983932520272648,-0.1115898172288757,0.1330105864326463,0.5102632704377587,0.51902642327661,0.577531743777504,-0.0868999641997637,0.9775405228653476,-0.3586626893022093,-1.3071113073191751,0.6109200991808958,-0.2051915899461069,0.6701357624152351,3.627263799211226,3.651154308258926,2.5599818716898843
W0050,4,0.4373166174706812,0.1231335914826915,0.3039180113498129,0.6463088608162258,0.3358341644032597,0.1942413467657849,0.5361571747086389,0.1696331266174386,0.3571193377318303,0.2356333375030698,0.2006331473213323,0.2147689494658231,0.409960231473739,0.152380225678766,0.1940043264282434,0.4699403098378053,0.5911575468537025,0.2110787508733332,0.0,0.2017881217692922,0.1630018436895977,0.1345167031482004,0.4095330758606287,0.1541657562838752,0.2490538543553913,0.2187274555660075,0.2380530912272384,0.3507984245156611,0.5279304904652091,0.1990858296830906,0.0429376616303876,0.1248655230840329,0.7374202023580512,0.3105648621722804,0.6206697992922294,0.785963371811954,0.1311326980441651,-0.3447918943258546,-0.0055937725434289,0.2546200796852651,0.5777370433134866,0.286652724415931,3.8934913664389503,2.696901530498799,3.1902041219205155
W0050,5,0.2507476358981497,0.1750223202841409,0.2834497204430292,0.1779411302876047,0.2627531173034246,0.054745988782391,0.7940568289454739,0.0974024668542678,0.2759681169459064,0.0779408018126596,0.0255231807758004,0.2155898055699809,0.5788604023155397,0.0203171224390871,0.1758001124227651,0.143501143026433,0.5095317157571105,0.3905657921556195,0.0,0.0976014501174593,0.1450495718140502,0.2027009366042532,0.1948808464973854,0.0848727209956229,0.1967953947734843,0.0931829662686185,0.2116608900958195,0.433890262362998,0.608444570789525,0.1834065839909521,-0.911027187843204,-0.0764047197515257,-0.2352825702003946,0.4487436217722456,0.1272844937485936,-0.6981462006272681,0.2061212702902041,0.1181410301065545,0.4342515223221084,-0.8035676093224132,0.5377290389373975,0.3888128680980178,2.77873173895001,3.630054940798399,4.475637809432893
W0050,6,0.2473958580087048,0.1626611034396353,0.2219677567786867,0.5879380951650275,0.2548666422159288,0.0098858300668061,0.4256942490922507,0.112707390900027,0.1989738871104903,0.0685071714952958,0.0494910638494464,0.0521170337397002,0.6352336521896169,0.0914087549343986,0.1055471990255115,0.1353716101428264,0.3175837703790068,0.3553180454369783,0.0,0.0753957216396278,0.118629192698385,0.1182454919746155,0.2101569818295839,0.0844775089041024,0.1348759354515931,0.0738166616370623,0.1890703271045301,0.1333396544567858,0.3854207660878138,0.1178238750148225,0.12502598945536,0.1447886675278507,-0.1325320376732087,-0.2478976527287143,-0.1596403801147867,-0.4309307843280804,0.2840658705319234,-0.2898206687181757,-0.4183715118261197,-0.0177935432519526,-0.0917808083608666,1.0160037798747914,2.1375114733422267,3.029138858598384,4.475472669082256
W0051,0,0.1034482758620689,0.1034482758620689,0.1034482758620689,0.1034482758620689,0.1034482758620689,0.1034482758620689,0.1034482758620689,0.1034482758620689,0.1034482758620689,0.1034482758620689,0.1034482758620689,0.1034482758620689,0.1034482758620689,0.1034482758620689,0.1034482758620689,0.1034482758620689,0.1034482758620689,0.1034482758620689,0.1034482758620689,0.0,0.1034482758620689,0.1034482758620689,0.1034482758620689,0.1034482758620689,0.1034482758620689,0.1034482758620689,0.1034482758620689,0.1034482758620689,0.1034482758620689,0.1034482758620689,35.0,0.0,0.0,0.0,0.0,0.0,0.0,0.0,0.0,0.0,0.0,0.0,0.0,0.0,0.0
W0051,1,0.6938658174710128,0.4040145002434183,0.3921262213263246,0.8675986434831378,0.4473371536009037,0.1664706591719913,1.1536201579065943,0.2250106847133535,0.7165024164643079,0.5281778584376507,0.3020668182258827,0.2848806387258842,1.406796588559096,0.1965864455683863,0.4199800747931423,0.4983570064179624,0.7347986930464526,0.5926050728171738,0.4500064750466311,0.0,0.5809502064274764,0.3732629126024622,0.1904250914465703,0.2180917745986727,0.3798923295060447,0.3524721156369712,0.4548506970992274,0.5748226586780925,0.7144713662514937,0.1703233086414243,0.966781701493322,2.4786929989428,1.7134669252195154,1.9832369883011107,2.0440740965523334,1.4160223091965165,2.3545028767116114,1.6460141414531837,0.8099655782412745,0.4148179267381804,0.4411439915648074,1.1341075159847636,2.1828966176314326,2.390205354034562,1.5457917201121196
W0051,2,0.5380981334331215,0.2729165977246625,0.4888192083341944,0.6460147735594934,0.4380108887804383,0.1683941135151367,0.4513116746423495,0.1568049172372606,0.5834207173357719,0.4142825236699222,0.3197944053025883,0.3082609271928935,0.9980129962062738,0.2673473371825319,0.194749315412741,0.4708469831504387,0.9623735860109536,0.5328749679479416,1.2761281878871666,0.0,0.3430795488942514,0.2442430421059729,0.4969499229787971,0.1784802298617535,0.2035056273719692,0.3300961516103358,0.448464639667702,0.5221748238765498,1.1247999539628908,0.1810758395665948,0.3250482046347101,1.9914755213779385,0.7638549756692252,1.600616628077273,0.864862120026783,1.006575855355209,1.3954630697458548,0.8267571988515559,0.4124592442831133,-0.1311831284036771,0.5879409183258045,1.192845051658295,2.8374898117832337,1.3601560378188298,2.0206163496631997
W0051,3,0.5039406122430641,0.174422038018525,0.2692979549466127,1.10741661148036,0.7590924965794121,0.1072387137804504,1.0900810561432532,0.1679491639315697,0.3854891925761537,0.2574479370921745,0.0788474424266067,0.3124754512352238,0.7346539900626223,0.0960143531851159,0.2470338436450343,0.6807295564379607,0.3387686572438817,0.5250684387150389,0.7572318627643698,0.0,0.2297684785821093,0.2367253418775423,0.5000278661167487,0.2316800929526616,0.3292549366594453,0.0932497935084337,0.442565604392789,0.2838530119503447,1.0871941095751467,0.258291851566505,0.065394455378366,1.5262340371081118,0.4975946205156161,-0.3687547498604008,0.7008869561032975,0.4149637991515433,-0.0062554173023149,0.2727533584764434,-0.4083973502065138,0.7847924882334717,0.4693086339404964,0.0375343578427427,1.712654526309184,2.8464565089692915,2.152919677870336
W0051,4,0.422522661854422,0.2616120057292062,0.274257683129948,0.6069135223818896,0.5093262294855692,0.094066921811592,0.4070356222061643,0.1081241991729743,0.1500585318025279,0.1458064011168293,0.1463605880769668,0.115414243859551,0.3725013810436131,0.1140425989114304,0.2400021797048794,0.4523640520444221,0.8144900233788042,0.4300520337163553,0.8437506197577278,0.0,0.2562534730347316,0.0997924036400926,0.2473753179428346,0.156383942954883,0.3643463014162938,0.163761143224655,0.2749463798734853,0.172550668053147,0.6669773393478728,0.1942018058598767,0.276418129453772,-0.1521141373643179,0.2929452207392499,0.3127694222748357,0.167035428212769,0.5921333931359785,-0.2113215387142364,0.3207239472779616,0.3621744426443039,0.6978117979581767,0.7967052845619811,0.3624435877978575,1.2484193071294865,2.1928175735459927,4.365819848241452
W0051,5,0.3501714751573371,0.1481599720452578,0.240702825141107,0.8226742131318908,0.2090262137442279,0.1387067340252767,0.8335934776064862,0.1354507067943143,0.2554077926385668,0.0206900203286804,0.0476161397067117,0.1651522271717677,0.4177954245136636,0.0527747245125946,0.1662846134987904,0.4409398912678774,0.4773809240900762,0.2053227624817908,1.0369582394888457,0.0,0.2343510597532404,0.1459344764606717,0.1098099118677263,0.1077456429691254,0.2249669987089733,0.2260005420788923,0.2271709974659063,0.2040848425338153,0.5229350261766086,0.1994892702471624,-0.4020432443006049,0.3456045476716472,0.3610293029296209,0.8198915187423375,0.4901049432479091,-0.1784640143172446,1.273453074728422,-0.1463735876979137,-0.1199070070140979,0.3502640088330337,0.7494682419579156,0.6005009568742623,2.0175291077651334,2.70236465492806,3.361759787948144
W0051,6,0.3289424787977995,0.0961932541117753,0.2896935503617258,0.5027867814501116,0.261407346196756,0.0903186773872795,0.258638436162659,0.0690982287020218,0.1609332229908653,0.1194132829517897,0.1235922310134619,0.1715598262705356,0.3818683556376627,0.0330255564718011,0.0221224713839382,0.1480434841159114,0.7300030975122132,0.1425125363402566,0.6559138358217498,0.0,0.1035955562736198,0.1263766704163823,0.241319220877051,0.0975114285081467,0.2099395958576999,0.097635051406628,0.1786653509701254,0.3283205010527446,0.6299598734375581,0.0830839047846479,-0.0210418143481196,0.3374027099297432,0.4256770121928728,-0.0599499843027341,-0.1263720472786707,0.1566476143261932,0.0825078718203815,-0.4933044651500662,-0.7120093745214436,0.4241842641027417,-0.0795869944753655,0.0852678634714773,2.3750173952061138,4.350475069899785,3.7401526365872577
W0052,0,0.1034482758620689,0.1034482758620689,0.1034482758620689,0.1034482758620689,0.1034482758620689,0.1034482758620689,0.1034482758620689,0.1034482758620689,0.1034482758620689,0.1034482758620689,0.1034482758620689,0.1034482758620689,0.1034482758620689,0.1034482758620689,0.1034482758620689,0.1034482758620689,0.1034482758620689,0.1034482758620689,0.1034482758620689,0.1034482758620689,0.0,0.1034482758620689,0.1034482758620689,0.1034482758620689,0.1034482758620689,0.1034482758620689,0.1034482758620689,0.1034482758620689,0.1034482758620689,0.1034482758620689,35.0,0.0,0.0,0.0,0.0,0.0,0.0,0.0,0.0,0.0,0.0,0.0,0.0,0.0,0.0
W0052,1,0.5017106481640976,0.3038349842118361,0.3154830915359835,1.0860223363210275,0.7712989607658491,0.0685461632939138,1.0499056065233896,0.2360050608093702,0.5808950982310409,0.5603154207162804,0.3613738290953221,0.4646344716749697,1.1410858778011086,0.3052629269204489,0.2406232530424901,0.6223922738880432,0.9826703956465972,0.5127162778193743,0.6078876413046378,0.3418768573420773,0.0,0.3131277406042985,0.421048311807238,0.2952338028767161,0.4514980563667999,0.2569195155731084,0.7198633760824426,0.1912651738954025,0.7955242437726966,0.2684060198828116,1.4321564198347534,3.622686493188587,0.997056914871471,2.159727949153037,0.5512061761945642,1.3264919720579609,2.392371924191836,0.2380269040825489,0.5992851215641393,0.243209323959877,0.1550245713206961,0.693669971586008,2.2390573922873074,3.234337773391794,2.9523338089046227
W0052,2,0.8219526824914929,0.2540134987943328,0.4172519572727043,0.7180216951419234,0.761901472975952,0.2449507777561569,0.70062587926577,0.239317479582539,0.5318228968592422,0.3245375013102945,0.1884339030578659,0.3515137719278477,0.7604977821238094,0.2137794585138896,0.3406122229756373,0.4142769040036077,1.239117409539301,0.2542942016791068,1.2395378239780657,0.5219772097614697,0.0,0.2559808900427342,0.6949452949659431,0.3151247453323445,0.295037914369972,0.1978514862003716,0.5001782475871116,0.525832850581716,0.8942966385146853,0.1592773950912385,0.1496056968948486,1.0187980524605849,1.7917451907063295,0.4275367266926363,0.1993779245924369,-0.0970677459144044,0.6011485176756737,0.5642556936410394,-1.023153304756609,0.0064593685086706,1.4420640150120023,0.0703066269676524,3.2366850816730537,2.5628274282325694,3.6522475400958943
W0052,3,0.3897471976206824,0.2173820393147378,0.2508698271612963,1.1118625754002558,0.7064203815611756,0.1870130978907862,0.8008846297655844,0.2306024852836924,0.405452906193561,0.1359964063841156,0.3329794055079932,0.2572729704623209,0.6815801872065281,0.1501287470703872,0.1156393772284563,0.4509379817686394,0.681710524175758,0.354887175593122,0.8459640376791107,0.3939112304939192,0.0,0.252403621027623,0.4027006286043794,0.2472859205546931,0.319832646438259,0.2205282481271213,0.1057075237994604,0.3431802712034878,0.9974681368619106,0.2681542962000144,0.3466784725233139,1.0344202307027923,0.3811636533144669,1.15014897148922,-0.0113913156104914,0.5458117981802306,-0.1273106977071688,0.167002431556511,-0.4098957018935086,0.320051447074513,0.9379856705848622,0.8550218935982048,1.9171016712323476,1.321535904154562,4.065469720556798
W0052,4,0.5702041782626692,0.191102219452469,0.3000370572669751,0.7534579007189288,0.2515551789499937,0.0827776764668582,0.936563627236052,0.1587401520720284,0.2666295955140789,0.1098470700052618,0.0700599211552508,0.1734753999950423,0.7197345714761602,0.1643614502318358,0.2509962557436271,0.1739794145089331,0.6638145722929244,0.3258234269701934,0.7412490403540292,0.1890906346416933,0.0,0.1140221209149204,0.3795113846565192,0.1418577823886534,0.3466553114669209,0.1909679293147962,0.2487565363976034,0.3692628299826606,1.5362920749724878,0.1700723873422438,-0.040669505122331,-0.2487892795626572,-0.7868161639426929,0.1452790791474136,-0.068146587270219,0.0661166266743661,-0.1259458876293027,0.3152732402037463,-0.120030929559796,0.5766083745395993,0.018873433654122,-0.034192020122971,3.428807646487204,3.003283641926267,3.853339268680119
W0052,5,0.1298321935580825,0.2044773546738951,0.2055787661374181,0.7297974233625338,0.3156562205646094,0.0353824303540043,0.6125419721672722,0.1283370645796125,0.1707513613880663,0.0442168926246728,0.0699098379394505,0.2282080204149265,0.3101800787249965,0.0825019468367213,0.1273834097589551,0.3070405393223306,0.928478089765942,0.2219756521879545,0.5173309147407962,0.202856048214337,0.0,0.1720446884654626,0.3077267058425507,0.1351653542121677,0.2290584126918362,0.0590768894441631,0.1861018974863316,0.3393931279647729,0.8844034568775343,0.0994489343657715,-0.3882902798937419,0.8940029958817982,0.5373746690705417,0.944168218404482,0.560161215799263,-0.0755307461002246,0.5578107927482729,0.2120927888865723,-0.1610453007699076,0.635425970869995,0.7688257289855619,0.8935035273982396,2.1548091972648824,2.4180569226065405,3.93398970621689
W0052,6,0.1417915253039988,0.0959610500709798,0.0871573550850272,0.6090903419114221,0.2605282231677638,0.097227060070736,0.3053653545425902,0.0392504104318574,0.2247720530989467,0.1216391352996348,0.0078585186641108,0.0748774112848824,0.3677848990019973,0.0581724345996914,0.1413183500546946,0.1251845763777914,0.6762055429993556,0.243519800442625,0.5560480071058106,0.141132992324168,0.0,0.1419477191195784,0.2181450574044389,0.0833085282994299,0.1684060225101897,0.1381910389561637,0.1561161782346624,0.2288033896236851,0.6679690605545712,0.0191712305603492,0.0021738053452503,0.1811967193207946,0.4593859391761045,0.2005114528616106,-0.412465576636987,-0.1274626235484262,-0.300059610760307,0.9381540238039212,0.3209925000766679,-0.1652649943567279,-0.1486492008249378,0.0883163294502337,1.230551088356331,3.540577376021254,6.268411411607495
W0053,0,0.1034482758620689,0.1034482758620689,0.1034482758620689,0.1034482758620689,0.1034482758620689,0.1034482758620689,0.1034482758620689,0.1034482758620689,0.1034482758620689,0.1034482758620689,0.1034482758620689,0.1034482758620689,0.1034482758620689,0.1034482758620689,0.1034482758620689,0.1034482758620689,0.1034482758620689,0.1034482758620689,0.1034482758620689,0.1034482758620689,0.1034482758620689,0.0,0.1034482758620689,0.1034482758620689,0.1034482758620689,0.1034482758620689,0.1034482758620689,0.1034482758620689,0.1034482758620689,0.1034482758620689,35.0,0.0,0.0,0.0,0.0,0.0,0.0,0.0,0.0,0.0,0.0,0.0,0.0,0.0,0.0
W0053,1,0.6396495083116664,0.2223927719670621,0.3001057332901811,0.5133634064770703,0.4811031696885953,0.2229354359191618,0.958783152434397,0.2276881753427593,0.3890586142300095,0.398060886691405,0.3723411968819713,0.2162451829728026,0.8007675962236208,0.3376453619776504,0.1648935176339908,0.9268429041050512,0.6813848767388812,0.6213106408922141,1.094784417894873,0.2040650874344442,0.3077931553331586,0.0,0.6383739944713099,0.3123714696451007,0.2633574179593381,0.1209004625119565,0.237601232532904,0.3327464878067488,1.0797920597261403,0.1529533196233116,1.2253234774610573,2.021641031616639,2.2570218189103874,1.099297402469047,1.014706170135914,0.7779523357523656,1.9719596785142783,1.058635523266036,0.1745732370397822,0.7924721536866703,0.7107928442852295,0.3169519221277735,2.387882963000986,3.1982749776743686,2.0034540021375857
W0053,2,0.2982097918277164,0.3860260558528008,0.1108181572062181,0.9838638960704824,0.7704727149498496,0.339232159895823,1.3428129031784763,0.1263884866204253,0.5267463025861614,0.3022576588545393,0.1984239946434928,0.2503122539799178,1.1582104537245703,0.2265128451786081,0.2575340036689827,0.6005436440018632,0.7847459558677842,0.5838088229989469,1.1592744706315663,0.2243406708399158,0.5000727338093847,0.0,0.3636639176490194,0.2612166887295036,0.2213871796592447,0.1895061341110878,0.2963358653615358,0.4254819694348386,1.1975117422728951,0.2935293272762767,-0.2009230888798774,1.7763057421919437,0.1655990409385855,1.2714002006684533,1.0271402469060171,-0.0516594947628296,0.2341729308818694,0.4653809454306453,0.2620248316601514,0.2559081682340544,0.678162903172386,0.6768071756912889,2.1105066027019417,1.973782931209377,4.29677094719861
W0053,3,0.4517968671421444,0.1243226105186752,0.2480204280697021,0.6566288155870081,0.528564627257289,0.2133506718062591,0.9889042506995082,0.116779246619666,0.3503992915762428,0.2789095257710551,0.1561067620575782,0.2355523872227278,0.7529832436764253,0.2085554927984269,0.2212106127995865,0.4036287779624286,0.8191490423231669,0.4040650752986569,0.9688405975773487,0.3152743266929634,0.3333318851348681,0.0,0.520313818811174,0.2957729873770111,0.2812478852809551,0.4481625685963817,0.4637764103381177,0.360088884058594,0.7938021231102825,0.209312244592344,0.5048744448566592,0.1299915755959287,0.6221624130946823,0.3079253890888459,0.1516501141686899,0.3039730019189551,0.6242770269743084,1.0357017027784234,-0.5764158243767024,-0.2829666702093552,-0.0827288501987812,0.1736310381413293,2.661087868827438,2.634207362349566,5.283900020595242
W0053,4,0.3805494955001153,0.1331639478153499,0.181591403027596,1.0468773745823987,0.3261184013827097,0.1384696613037633,0.7910637527012311,0.1926524378814915,0.3465685646930229,0.3030042481379831,0.1226326022585833,0.2627818466384279,0.5942030849756719,0.0595065341114718,0.1669139665922515,0.2020972650719975,0.6222377056037666,0.3243829640219507,0.993766959778008,0.2481856031504597,0.2151502831254576,0.0,0.2837981918581943,0.1181370787036445,0.2918049175751806,0.2346375616582341,0.2290213294455757,0.2501748718513198,0.8772186875326863,0.1648468149735953,0.038294476346263,0.5731523349369421,1.306250589997405,0.20955497321063,-0.5610690610956354,0.9188238464775982,-0.3772986805911589,0.4165764180356057,0.2307736771230397,-0.1107244116019654,-0.0391222841468955,0.6768072688077711,3.331361670056756,2.9002139392762776,3.9865043978228463
W0053,5,0.3719659629311013,0.1415208650793482,0.1905218994581443,0.5454292067396285,0.4528170022196894,0.1058440564149423,0.3949817340632238,0.1574850391427385,0.2726838571419088,0.129612306639275,0.0542058282206551,0.1321500723046374,0.5056161412235928,0.1091403999291425,0.1387486229655766,0.2261194061682551,0.7426610023528727,0.2883992062429014,0.8158616842281362,0.1538063525783182,0.1987709567460249,0.0,0.2928963383820211,0.0841383609796558,0.1381127931261266,0.204308468181371,0.1135813194055674,0.1296793905427908,0.9999410241189064,0.2059630339508442,-0.2207620911936423,0.6227963467792508,0.7070806192711683,0.1560354995824991,0.8181673768359725,-0.3096334626908841,0.4105594149034833,1.1970224479106324,-0.6014287117358442,0.3663315685325665,0.0965918983161054,0.6042690075591264,1.7265195221262335,3.142868635414287,6.012015816182172
W0053,6,0.2773419200213245,0.0901189826410716,0.1266610224246196,0.3913512296826372,0.3591166412897534,0.0441068421691451,0.3392116835637043,0.1371982836148797,0.2126837857012602,0.0969402568459658,0.0479038505344531,0.1236952139071555,0.424837716788265,0.051560699299372,0.0305496847194043,0.1037492413668871,0.3551341504461823,0.127527711447063,0.5074038943483411,0.1078327077010529,0.0232463542264585,0.0,0.1948976000338974,0.1114487626969387,0.21568849503842,0.0423568708128562,0.0772535185630488,0.1710584599108495,0.3280775742522864,0.1495456963710417,0.2644089610840935,0.4771682309244046,-0.0826621159575008,-0.0335003150845222,-0.2418811719807126,0.3765847776049731,0.8420613087033655,0.5523025293192773,0.1777041272494006,0.4231554609281573,0.272344659124711,0.7659176048688273,2.799078697695303,1.9373922489186668,3.854390490119601
W0054,0,0.1034482758620689,0.1034482758620689,0.1034482758620689,0.1034482758620689,0.1034482758620689,0.1034482758620689,0.1034482758620689,0.1034482758620689,0.1034482758620689,0.1034482758620689,0.1034482758620689,0.1034482758620689,0.1034482758620689,0.1034482758620689,0.1034482758620689,0.1034482758620689,0.1034482758620689,0.1034482758620689,0.1034482758620689,0.1034482758620689,0.1034482758620689,0.1034482758620689,0.0,0.1034482758620689,0.1034482758620689,0.1034482758620689,0.1034482758620689,0.1034482758620689,0.1034482758620689,0.1034482758620689,35.0,0.0,0.0,0.0,0.0,0.0,0.0,0.0,0.0,0.0,0.0,0.0,0.0,0.0,0.0
W0054,1,0.1880615916684085,0.3543627652601961,0.3316390470977365,0.8087472208912396,0.8479967570860159,0.1743299252345966,1.112290913534736,0.199776301719783,0.4889618599674215,0.2109155191219262,0.307772055602648,0.3240693341847923,1.2439118082124316,0.1748176728122806,0.3275008855487422,0.5507960996464898,0.993652605227488,0.7149087238404808,0.8709452200020092,0.3923060950039023,0.2361857570492021,0.1484029379366285,0.0,0.2854299513785494,0.2896356147468171,0.377611800644728,0.5006887085259729,0.4659590591607861,0.832978670245742,0.218822329625682,0.5154744630467878,3.312138284769809,1.1506205145102584,1.8011079889826809,2.317424151051278,1.2544039407760548,2.5443385712456097,1.3741496040755494,-0.7429908737414788,0.3936997322719374,0.3874511777794904,1.136286783074757,3.933172007492249,0.9689716543822322,2.9156988253165963
W0054,2,0.5664260522189871,0.2673578320568584,0.2844562277245175,0.8370025702413058,0.6109365276120942,0.2005517223652025,0.8854539744077181,0.2032273997069432,0.6079506916487527,0.5206631621797467,0.0055328186042872,0.3949122049441782,0.4680847536207352,0.3822903429285901,0.150686284256316,0.6413383049368785,0.6471006965371671,0.6597027932894421,1.134460531386574,0.1528122829370284,0.3174611845027372,0.4196287346066069,0.0,0.3010756746978612,0.4576974327154577,0.2544464213448366,0.3424239021501914,0.3559572589750639,1.015839617248072,0.2193060482900449,-0.021864749768012,1.1953491838667094,0.6577594157562011,0.7359423019612432,1.3459614265397244,0.4593985508825304,1.165791737500078,1.1632681208778273,-0.2609032901696217,0.0991137166689715,0.4997574417503881,0.2332701944071076,3.294925033406998,3.429613699659773,4.77018774901087
W0054,3,0.5649563003534694,0.2900679627952751,0.3349814915116545,0.5511853148547772,0.3335152971919621,0.2722520036723728,0.5116458120064782,0.2409326917416592,0.5443829011193435,0.310995376493336,0.2254498719713443,0.2360971023124042,0.8217832407016437,0.1572866664839989,0.3128155994143759,0.3611978155197684,1.49188504494332,0.3979207327671893,1.4048045020481117,0.2928509398626989,0.1823614887993449,0.2363748738700067,0.0,0.164069576610927,0.3933753437867288,0.2575721904038379,0.3944014895171885,0.3918716468133554,0.5746344787907105,0.0781677805268578,0.2566226842261887,0.2290896085114088,-0.2525939143524932,0.0220805206224461,0.3400078091382864,0.7461061103118908,1.0922265926033394,0.3056330272899374,-0.1297249840952602,0.3957291049913607,0.3828832069678699,-0.3593462091543942,3.3505982667814544,3.132289459409934,3.515681449434535
W0054,4,0.3826719560276534,0.1942444092852328,0.2279181240366528,0.7476945071289397,0.6631302702684557,0.169110898636725,0.6670031708878575,0.0513470462745604,0.3549910147577372,0.2142628674808549,0.1369957762983359,0.1568905420138131,0.5148049552149954,0.0843306106128783,0.1960439191408731,0.4045629313965991,0.5514443852126006,0.3257296150234312,1.0279896588653223,0.1814677703049776,0.2268747868548881,0.0685510922901852,0.0,0.1189262364799592,0.1839411945879773,0.1857001282036927,0.329493486266843,0.314550622926238,0.918998990237246,0.1338178261440242,0.4880781914125677,0.9841156345352354,-0.3743969736770527,0.1030736369918315,0.6020463323638788,-0.101293156010434,-0.0292428826412168,0.122045578372597,0.7356250425833879,-0.5866297096374236,-0.0874539237784889,0.460076865233303,4.110800921592285,3.7302458376191217,1.8059386606424224
W0054,5,0.2717601633530327,0.2322999545359757,0.1500492896114636,0.503392460381038,0.2240376012734029,0.1620442998676526,0.3774439882928536,0.0721141527535647,0.2459196168571075,0.0978271905228372,0.1301634005514443,0.1756803586185277,0.3119213042274552,0.1499499023012726,0.1364743660029582,0.2399620930753119,0.3129440745315343,0.3108043949985581,0.9369761300638833,0.2255235632781701,0.1145749174187369,0.1653566498165768,0.0,0.1420988194482707,0.1411184326652835,0.0995294660909385,0.2583904101226862,0.2785755974392431,0.916027524322927,0.1604605530154353,0.2193606722223075,0.113087721126507,0.7924185740031616,0.0395764172053653,0.3905566393022042,0.3490728080631766,0.0820597994462941,0.3020213142348403,-0.1736461399376448,0.1472026949090549,0.4458929915867106,0.3025179628554961,4.427132851041629,2.591013881595549,4.997036858913006
W0054,6,0.1637792758164098,0.0312522093326201,0.1562016335677357,0.4774724877879429,0.3933624042393702,0.0252872298243267,0.3884376970922762,0.0891693125277396,0.0439322408692027,0.1085760469925251,0.0663404416144039,0.0303302489088759,0.3489739575977465,0.093882570593458,0.0775317192250446,0.1448257821913896,0.523844526246427,0.1749600723374485,0.4609416435698484,0.1262680498632465,0.1120285374309576,0.2434613175896047,0.0,0.0595731949251702,0.1593275781897416,0.0604694039383449,0.0551892149507817,0.2147460229143355,0.2954402320877405,0.1061641864109997,0.413448819099425,0.6531712664075402,0.3021435358169858,0.7746307007023413,0.3942003327635203,-0.2206814177464741,0.0684841871434825,0.0426987006019579,0.5125769522132239,0.1180106484404087,1.2179247227848429,0.7445621966028149,1.700969681714148,3.269822106108192,5.019447529845523
W0055,0,0.1034482758620689,0.1034482758620689,0.1034482758620689,0.1034482758620689,0.1034482758620689,0.1034482758620689,0.1034482758620689,0.1034482758620689,0.1034482758620689,0.1034482758620689,0.1034482758620689,0.1034482758620689,0.1034482758620689,0.1034482758620689,0.1034482758620689,0.1034482758620689,0.1034482758620689,0.1034482758620689,0.1034482758620689,0.1034482758620689,0.1034482758620689,0.1034482758620689,0.1034482758620689,0.0,0.1034482758620689,0.1034482758620689,0.1034482758620689,0.1034482758620689,0.1034482758620689,0.1034482758620689,35.0,0.0,0.0,0.0,0.0,0.0,0.0,0.0,0.0,0.0,0.0,0.0,0.0,0.0,0.0
W0055,1,0.4197520169279978,0.2374666287223083,0.5599013228941438,0.5443103792665341,0.7136426331463471,0.2175342305195733,0.7641579078045285,0.1779028874604832,0.590415072648977,0.316111275841854,0.3456738936133784,0.2312425672643983,0.9258173489212778,0.2266687324210196,0.372534416877941,0.8039166400066973,0.8536981959506175,0.6932214788326596,1.4351912939440443,0.3198244467313807,0.405937546865345,0.1789138673015451,0.4093754480998181,0.0,0.729008210354038,0.17296466083283,0.5598011545739042,0.6528733451945073,0.726017888845654,0.2901179968342381,1.4429582149667874,2.1698360730614974,2.0226754184671014,0.5577910098216455,0.8473726801218535,0.4985282631331351,1.135677674676121,1.0314260164992073,0.5415954302155848,-0.2886289305565775,0.8543930281005925,0.5705955722852486,3.1303191215227737,3.753774191322297,1.8193316252714569
W0055,2,0.5290993555665746,0.0611071451370924,0.3226690072950311,0.8810408112012104,0.5600994335975213,0.1074103934397869,1.1193829445714891,0.1969356006221816,0.5573443773843015,0.4121311633569106,0.3091038049495076,0.0703616569661274,0.8852111055424624,0.236892862953243,0.26083185040749,0.6450506936389996,1.0119253515248563,0.6615197293638441,1.5250381225848784,0.4176173675785189,0.2908523451536912,0.2740117203009862,0.4087467793849721,0.0,0.5570124745791726,0.2218651057580129,0.4788831432140859,0.3332716518666916,1.1198764888810795,0.2391177666663491,0.4798595768644699,2.023773765766218,0.5878997102114591,0.5027869225551087,0.5749740960449007,0.455675802939631,0.9035865475588972,0.2159182086748343,0.5817115819951058,0.7039375048126286,0.5171315715802159,0.6238343746034051,3.2342840963534565,4.263089345917815,3.960598583911488
W0055,3,0.7940822148730989,0.2801457971481084,0.3679330442784169,0.6346587942034149,0.414291563340829,0.1887951720322239,0.3613472224612663,0.160073621748736,0.4077545694748081,0.2136779534590592,0.2267800003876537,0.3147984173608637,0.968072859309478,0.2002919163251074,0.218563610350781,0.4958824479154379,0.3420323315053634,0.4662709767143075,1.0392205775682422,0.2448562287816841,0.2964094004863144,0.1970405921767587,0.3578015278151316,0.0,0.2373475888888694,0.2648133424629313,0.2463191395862127,0.5689256117895337,0.8682450640783457,0.1436449956212762,-0.2168185779492239,-0.556503408298893,0.7116362993662655,-0.5578690313998618,0.7665566443583036,0.4808514662512861,-0.1186235038741726,0.0001252049160671,-0.4846340777123739,0.1375709806511036,0.250716340076447,0.5415395218740264,4.120868164966398,2.3450011123448165,1.2500824405743949
W0055,4,0.5277521799106202,0.1275110718322398,0.194568230064762,0.5159374453336072,0.3512102254500784,0.1081199645893928,0.8130564840588155,0.218781483965894,0.3176993747247729,0.1002730961401292,0.2128148770020654,0.2151906517908338,0.6690834815079822,0.0290913429833624,0.0903684729601972,0.2881085750848985,0.9836458413019727,0.2742924029955697,0.2646858883724944,0.2871299028899683,0.2284944226482582,0.1623173593844531,0.2591496489955622,0.0,0.2900962455808767,0.1770316951510374,0.1364187190746067,0.4505208385380758,0.7829970894902134,0.1571214310658969,1.013872422237914,0.105115734576283,0.3082702466068839,0.0645485731145012,0.3705458243695028,-0.0405235043400212,0.6085177771745913,0.8549410037426526,0.0388112590158355,0.2600608714337952,-0.2130372654033418,-0.0842489666748623,2.118090616777584,1.322884435262814,4.930985306400164
W0055,5,0.1268962433099805,0.1979531415866345,0.1648275079253014,0.3825235126360774,0.3466168808349968,0.108658055822942,0.7046738934029118,0.1864904371909684,0.2874926280965045,0.0862087290595459,0.0749357875583985,0.1381007260929133,0.3604532161904836,0.1248931726124854,0.0488001676788695,0.3012549406019538,0.5495792715454494,0.2922007334165252,0.7189584043905308,0.1751800546635476,0.1474954561907897,0.1757254179524071,0.2264610315379899,0.0,0.2249922815572321,0.1881125795843626,0.1736670920886783,0.3599293143238711,0.3265666603110915,0.0784020545465206,0.5795030288340709,0.4492585631178231,0.2305924626738761,1.6930289217831709,0.4043091901278509,0.3799109007368988,0.2361574836993917,0.0452850679955742,-0.5841659915179551,0.0552422482507335,-0.0181156282417613,0.1457554091042088,2.7000296305394453,2.833489250958489,6.055907047695971
W0055,6,0.1708314872433555,0.071608792067772,0.1479970373002871,0.4781870375323017,0.304570031592268,0.0893189449161124,0.350063303078536,0.0537891529183889,0.1648550468851553,0.0644802429470447,0.1117475879829326,0.0669617379136838,0.2914526090477706,0.0194203848164265,0.1379790659132244,0.2117778029501228,0.330782389156396,0.124130685664111,0.5543304655898827,0.0905796268166412,0.0922828040349365,0.1239877223125881,0.1779522574357261,0.0,0.1048240025121583,0.1944258356322936,0.2241665672523319,0.1479122799878195,0.5144166235655276,0.1123080553351975,0.0159739782201669,0.0078222498769041,-0.241795261565154,0.6036265575050969,-0.0228730282892683,-0.1882391185158529,-0.1132698412006819,-0.6565778750243707,0.092033000922111,0.1465554953560937,0.185913107998622,0.7167096430100935,3.5672997605614767,3.181166712500658,5.046458539470433
W0056,0,0.1034482758620689,0.1034482758620689,0.1034482758620689,0.1034482758620689,0.1034482758620689,0.1034482758620689,0.1034482758620689,0.1034482758620689,0.1034482758620689,0.1034482758620689,0.1034482758620689,0.1034482758620689,0.1034482758620689,0.1034482758620689,0.1034482758620689,0.1034482758620689,0.1034482758620689,0.1034482758620689,0.1034482758620689,0.1034482758620689,0.1034482758620689,0.1034482758620689,0.1034482758620689,0.1034482758620689,0.0,0.1034482758620689,0.1034482758620689,0.1034482758620689,0.1034482758620689,0.1034482758620689,35.0,0.0,0.0,0.0,0.0,0.0,0.0,0.0,0.0,0.0,0.0,0.0,0.0,0.0,0.0
W0056,1,0.795004502644485,0.297621292164604,0.355318105797265,0.9562211170233677,0.4708215076684535,0.1461897015949764,0.5850754499891424,0.1004682772211132,0.2456177967532697,0.2951495913254528,0.3505728275289492,0.4591094038688911,0.8360439066520763,0.2682834280044796,0.349795553735555,0.4804948533301493,1.2427131915418346,0.5804310003191053,1.0342108613989685,0.1069107224570426,0.3752573608124621,0.3254032253102029,0.4290934863243881,0.1911291099259389,0.0,0.2843985571739116,0.6385120705683722,0.3041073571387993,0.813835748076432,0.2854670744246875,1.9120361276347504,2.170258373072611,0.4354449598427259,1.194518086106925,1.6017377278424705,1.3329248315353817,1.2613421558934823,0.5567558450013337,0.4685221412346914,0.1022142411640626,0.2674752084341174,0.8559724924068082,4.129990242314976,0.875026939686095,2.287780066513766
W0056,2,0.6281821871926735,0.232096064805326,0.3450617391371373,1.0202526795402878,0.4867209705478306,0.1943787098018975,0.6969501539409049,0.1271741331772978,0.5633507934958821,0.2818351276621288,0.2578529217220263,0.2463137591850127,1.0077786510600155,0.1746264283849803,0.2180035014657602,0.5685870827898827,0.6722048307748494,0.4190096791188058,1.2651836664813112,0.3598744258702769,0.423428562841072,0.2254201231204682,0.4804810452649118,0.2106168541990377,0.0,0.273209849211905,0.4347675633742283,0.5129473664403731,0.8539115714424853,0.1902410603467267,-0.0925134316587457,0.505405121282109,1.7517616595582344,0.423796276791927,1.360660791799534,0.8873491669482574,1.1318584990556966,0.6022724384619177,-0.2398898710874863,0.4508346250306575,0.3198275948090012,0.726006266854064,3.0735343014717995,2.2151876932992387,4.353024132100952
W0056,3,0.2814181281664643,0.1710980353204,0.3448653072302773,0.8401610557904448,0.6374644231698464,0.1533634733069675,0.9210600760460668,0.1526692578860816,0.5878915635422712,0.2566961786900395,0.1266236945158843,0.2778542728460155,0.3029101949137581,0.2035590895794105,0.2825614321411895,0.7389086061734191,0.6102760244543,0.3552244859328839,1.1736437121468637,0.3155873533468374,0.2453960328718767,0.162202333378566,0.3216480658724454,0.3574081169068933,0.0,0.1770958177487168,0.1862219248987303,0.530486905374411,1.0228856003036195,0.2777495237285673,1.140162769296105,0.9893464677333186,0.3172601412892857,0.7232575565664432,0.572599846202318,0.0546844054409301,0.3839673525276079,0.7170903144934908,0.0972963790800071,-0.1163623954964963,-0.3145502983642543,0.3053814270899507,3.938572276723901,2.623879670138977,3.8607650462419305
W0056,4,0.4301426286385247,0.1839245574071141,0.2645585066268263,0.5935930291340976,0.3185890373332428,0.1509337793029384,0.4580338411700441,0.1690647509240256,0.1595130907498555,0.1898708492019307,0.2009730318010793,0.1807128465503393,0.3509766592368527,0.1462532248332738,0.1643431901635138,0.6333154133509553,0.8816221237693782,0.3825499253994583,1.1002790376349287,0.1215640929871808,0.1291947108149385,0.2978466566916892,0.2165556672111246,0.2091631741533867,0.0,0.2756393501259787,0.264596209574988,0.2578393177078079,0.452994849360564,0.1966841856219896,0.0727056076868113,-0.1653916623815894,0.5406224782757945,0.5880600962669151,0.0539235696658617,-0.230248794208837,-0.1259399131549795,-0.4481749520537254,0.114899755912415,-0.2887861346731287,-0.3955945609374959,0.4830189905270387,3.5334468414467564,2.669565197623008,5.223767780515534
W0056,5,0.1910293808166089,0.0853650926604116,0.2316167855201688,0.5093512419269448,0.444565639345353,0.0876437744831697,0.435260384599323,0.1101511523751469,0.3787992832279945,0.1183565485650283,0.1509006662174445,0.1495076766416976,0.4053599663653427,0.1273883460167124,0.094468555923606,0.1696942181842863,0.5619705686801638,0.2056716287765147,0.3577434353087668,0.169779533478464,0.1384578926935694,0.1742507012060193,0.215770529553531,0.0529043879625939,0.0,0.0478279943514919,0.2785199829607869,0.3173980372467107,0.3176936400141236,0.1454970412692087,-0.1993357024352916,-0.1219760479941292,-0.6643379963608236,-0.8467737435380805,-0.1538330277711292,0.3047253021496393,0.0301474138409705,0.9208446108860576,-0.5194100072567692,0.2786024546482242,0.0464661389183718,-0.5282449663876486,3.381349208878333,1.5591292579113525,4.746806244584722
W0056,6,0.1383975171839325,0.1003831298397377,0.1866346057718334,0.6291043505096781,0.2503679108297573,0.0615996668879091,0.2949937014209767,0.1215096370564628,0.229975419540565,0.073516729254813,0.1067639152123415,0.0395055124612511,0.3080943291333545,0.0848916799965694,0.1407556871590942,0.1747981062985591,0.2642690347671652,0.2282751685468588,0.2083911725157315,0.1254816362151838,0.0947469529879472,0.1048209006145542,0.194570694621935,0.0692010645780242,0.0,0.1200795989663138,0.1392301776710283,0.2227841845993972,0.6137537777602623,0.032318371244781,0.4091515850785108,-0.1611032531039308,-0.4924433978530253,-0.0808707679268091,0.1309894914789705,-0.1145220132003573,-0.1646441667006859,-0.2580522734938504,-0.0614864859199059,0.9056105377785232,0.2946827225169068,0.3524370625578821,2.8633901274156472,2.652164752554909,6.733360117875618
W0057,0,0.1034482758620689,0.1034482758620689,0.1034482758620689,0.1034482758620689,0.1034482758620689,0.1034482758620689,0.1034482758620689,0.1034482758620689,0.1034482758620689,0.1034482758620689,0.1034482758620689,0.1034482758620689,0.1034482758620689,0.1034482758620689,0.1034482758620689,0.1034482758620689,0.1034482758620689,0.1034482758620689,0.1034482758620689,0.1034482758620689,0.1034482758620689,0.1034482758620689,0.1034482758620689,0.1034482758620689,0.1034482758620689,0.0,0.1034482758620689,0.1034482758620689,0.1034482758620689,0.1034482758620689,35.0,0.0,0.0,0.0,0.0,0.0,0.0,0.0,0.0,0.0,0.0,0.0,0.0,0.0,0.0
W0057,1,0.4710526214297272,0.1259362197952516,0.1324156231620084,1.235626123927712,0.3908396380147287,0.2591698495887553,0.94366538177942,0.2964149967412897,0.2842862523314997,0.3504067052710024,0.3341679922278198,0.2131255676810464,0.8189752599296918,0.1235392387931779,0.2285199203637886,0.7764615016967823,0.6501910861768175,0.6271491683624953,1.2358157971560209,0.2114781427240078,0.4227038891090053,0.3348091705397843,0.6183051775105344,0.5419280145863741,0.546865121399482,0.0,0.5266979914609937,0.2427939449724817,0.9073690262028344,0.2003776835386632,1.0647485931533576,2.5115447784964604,2.192817027377318,1.2935168353382205,1.923537179938338,0.7353266403399233,1.7082071561407803,0.569169778995036,1.203924228561986,0.3181789839341303,1.1928528098452642,0.2425383843974241,3.968444856394511,1.910604656759415,1.5467158754124823
W0057,2,0.6183106685739846,0.3870898719981425,0.2999560312399916,0.965687089667334,0.4346245433250482,0.3518789563050808,1.0800432617094646,0.2165486703120402,0.4844261316334622,0.4232424995032006,0.2312637107382898,0.2501679122370806,0.5685111460769842,0.2667736281039385,0.322184221614373,0.6008093153775745,1.0409556221537055,0.6637320928399713,0.6100817594765322,0.2661175901550713,0.398080229039909,0.2433169218650702,0.5373138065486057,0.1969994040822438,0.3271648862619251,0.0,0.314586323667805,0.274964013320871,1.016100001587495,0.2696385321122669,0.5307505977134321,0.1281528760664567,1.1522886387770177,1.1703024526023569,1.0381222919433115,0.8987054395142016,1.4033161908128775,0.980838169009078,0.7312538889004564,0.5813641816156707,-0.0838774020650388,0.2432922793233149,3.3663134624399533,2.243294837241261,4.394616202750083
W0057,3,0.2078509160140795,0.2811532061631528,0.2861931031203058,0.7626742814761781,0.5431665293471104,0.2748820796893296,0.946441114931922,0.2603144053820687,0.2573592791810014,0.2277450579821302,0.3319755205447516,0.2405179717297663,0.6475588066944068,0.1864768223707356,0.1743925223341978,0.2764072321710233,0.9724316250693754,0.3560769809605635,0.7164127221683106,0.0974606366229744,0.3148284880791113,0.1952856327375124,0.3545036476401905,0.2478195480922336,0.1829179018505483,0.0,0.272553906485163,0.5678521313818639,0.8772176192767152,0.1638437287080936,0.3738377779916528,0.1986596340699957,0.3621704206728879,0.3638606975548538,0.5696167928548613,0.6499292620530778,0.8520489347363714,0.3230300932677113,-1.1347334884392295,0.9366415881610284,1.0077775718428004,0.2867293957823533,2.9225166146257973,2.4622655381096745,2.8388032576346243
W0057,4,0.5242396622910492,0.1515039441732046,0.2830497633458257,0.8144476840341641,0.512117230549654,0.0878184449706992,0.7420925433857296,0.1240873247877356,0.3775484489938792,0.2434712319297953,0.1346787804278337,0.1730053252697966,0.7048961457494366,0.1680433304439817,0.1139010598056425,0.4296985934225179,0.3057319679040837,0.4898773251548057,1.4891647108828945,0.2443301618175858,0.2096618219999134,0.1310615227755904,0.3504540702071292,0.2078350837959571,0.3015359101432716,0.0,0.2820833035259289,0.4647127022738684,1.1027629996962425,0.1068315482631871,0.2497517686342066,0.5036589305858727,0.0357442086230319,0.695802039639758,0.5472286615237933,0.2726021064115281,0.2620046400357214,0.6609742738031006,-0.3687328268803017,-0.1323505423782739,0.0946264919031953,0.514344254080997,3.5379720735919697,4.270531944892488,2.749834326551277
W0057,5,0.3133117421319919,0.1923986824723112,0.1472751048992605,0.5581897059308519,0.1848816073272537,0.1677982327368311,0.5395134185287751,0.0752001930447939,0.2112599244617458,0.2455252588651764,0.1178945472120329,0.0478095732263285,0.3518231477364747,0.015748343642395,0.1863497834861597,0.1898773830232876,0.7362421787621725,0.3761906003834788,0.6677630936431981,0.1262307621021641,0.1676009181839877,0.2111057649162097,0.2007588666022275,0.1326156362660595,0.1929098696496489,0.0,0.1944899890390404,0.2884940703229142,0.7227348248381209,0.1720824551996426,0.3570367221899944,-0.0592550709524699,0.2207461108155112,-0.3554656180108749,-0.240672716025829,-0.2309414892606656,-0.4432491629209447,0.1984859120152485,-0.160218369231378,0.4661587873733512,-0.1403319488266474,0.7029641866919653,2.044320529176723,2.3762439257893617,4.803435746560141
W0057,6,0.2876656819766058,0.1633374607440557,0.0403761202075244,0.5417582353009391,0.3476306659872663,0.0704942650278745,0.4011491769944398,0.1242298442729689,0.191510078443776,0.148554123924103,0.0562742640723301,0.0659914296288385,0.4010102313022233,0.0980847851212898,0.064284997007432,0.1507531774355985,0.2200869991565239,0.2477927877147204,0.5117494047556792,0.1287364823384807,0.1207478574940415,0.104511975010481,0.1368293965673981,0.0257028420998176,0.1560259412599061,0.0,0.1181481356673886,0.2299170721605728,0.2977073098117984,0.0942297755528318,0.7587318280986207,0.1050407484756999,0.2727584356063933,-0.0408381489003439,-0.0898653471922628,-0.1116532140167721,-0.1250666311703915,0.3071659603820136,0.6736977537937127,-0.0612615508367355,0.0774679772809991,0.3760297230654331,2.887653926064061,2.148541034841954,5.701247428320037
W0058,0,0.1034482758620689,0.1034482758620689,0.1034482758620689,0.1034482758620689,0.1034482758620689,0.1034482758620689,0.1034482758620689,0.1034482758620689,0.1034482758620689,0.1034482758620689,0.1034482758620689,0.1034482758620689,0.1034482758620689,0.1034482758620689,0.1034482758620689,0.1034482758620689,0.1034482758620689,0.1034482758620689,0.1034482758620689,0.1034482758620689,0.1034482758620689,0.1034482758620689,0.1034482758620689,0.1034482758620689,0.1034482758620689,0.1034482758620689,0.0,0.1034482758620689,0.1034482758620689,0.1034482758620689,35.0,0.0,0.0,0.0,0.0,0.0,0.0,0.0,0.0,0.0,0.0,0.0,0.0,0.0,0.0
W0058,1,0.869525931666044,0.3315563850942395,0.3688985530193438,0.7393855752074022,0.5973282608529579,0.2145740279024033,0.8947690395968814,0.0555947596098119,0.2867631322354412,0.329051174827033,0.3144463717604253,0.3250200982338339,0.3763676454954651,0.0853071183621519,0.3280040540131976,0.78250351418586,0.8426659220215682,0.4744535245617746,0.8732259740891349,0.4435518461427628,0.3496079293616491,0.4223690580412961,0.2765301625999021,0.2657922958343999,0.3641343706014391,0.2788646444688147,0.0,0.258823669272691,0.8113414599363179,0.0883326296961776,1.0298743795555263,2.452199519624758,1.5377204248078131,1.853410816038078,2.6095358143294574,0.9681493131656383,1.0756828680239094,1.5445823367163172,0.8970910520927688,-0.2495593454094125,0.3960761955619161,0.0520630187236398,3.374738957774462,1.574568744519582,2.61471426439958
W0058,2,0.8565712080092646,0.3410619497207323,0.2499860679611628,0.9823828684890078,0.3863604929101215,0.1043793561447499,1.3758207197327088,0.2442751889588952,0.4259811294751159,0.3460160800262853,0.1499635649439349,0.2936140386324014,0.553433265665193,0.1944773337448688,0.1235547089233603,0.7263577516472295,1.316597291257492,0.4830617991871899,1.0248401098636095,0.334998709571304,0.3552331078950356,0.2139771986542749,0.4701174726853858,0.1773041149055509,0.2521478806313226,0.1533929862996063,0.0,0.1875947986713095,1.1711160269126693,0.1286478186346595,0.2473975221088014,1.351808618132075,0.6172343056010121,0.1728626120002951,0.6892432363431596,0.7931793642831445,1.2244845935602884,0.4169231365681937,0.8294328092188217,0.0220089770437326,0.3354024456608363,0.6595441202766665,2.7401746022550286,1.2783882289391713,3.555640185034614
W0058,3,0.0862639807340603,0.25945872815841,0.4274098876387179,0.9999680011536286,0.8691046082648803,0.2407881467389671,1.0216966746341212,0.1405196705387505,0.4687055015655118,0.2652369443238281,0.1801964117208749,0.2692774677582777,0.7253526545349336,0.2485747247298352,0.2367301458822136,0.5360724572966257,1.2121330276332198,0.4917830162172397,0.8279947541246201,0.1705258833827322,0.2295315894301497,0.0960490794359775,0.2703840605740625,0.3078669244174166,0.2948884027373419,0.2249391647056148,0.0,0.3082137653207314,0.8430760622668869,0.157777555750313,-0.3996900728819405,-0.671991524204414,0.3739365955562381,0.5352326201667865,0.6296364213672733,0.331503232575584,1.241161815849224,0.3132599406154905,-0.0281982788586478,0.4864139298935045,0.8029573556138196,1.1121239297689534,3.519579006566209,2.8012123707785577,3.710023466621392
W0058,4,0.1681581189227889,0.1119729819413187,0.1118501512419716,0.9424960492939763,0.5579232137838073,0.1277298159337255,0.7648903428008058,0.2050401144933332,0.3029330958953746,0.1917303646216847,0.1714257477610785,0.1452543665830084,0.6454890101006012,0.2138202822781571,0.1783909775660906,0.4626662925052246,0.5508024498865408,0.4568441907174972,0.6239212063866141,0.197123556131293,0.1755647398691998,0.2567370200322068,0.4319941415921061,0.1559412870769122,0.2305919085464839,0.1471808725060429,0.0,0.3588770958062756,0.8067730611899,0.1583932547182701,0.1781095891908426,-0.263793943309225,0.3626763716290925,0.1232173469504275,0.3675850504636505,-0.0231168416637728,0.0232404263356117,0.2624890334026287,-0.2495694779457543,-0.7798222770380494,0.6031308883030327,0.5418783784367045,1.5077528594440086,1.5281444337572794,3.6104558039032137
W0058,5,0.1943462645111109,0.1332447232885444,0.2815608645412011,0.6733974823391292,0.2805191863934639,0.0740752984230623,0.618780801929612,0.0542770673720564,0.1971644876222048,0.0566794933638583,0.0662202068418609,0.1543134222980869,0.1291145381087851,0.089578272961842,0.0815994143366676,0.3579734263709536,0.4967565326840475,0.2189968652502267,0.808476625610983,0.1819869488174193,0.1976126608054239,0.1810798246368787,0.361287031786458,0.1723646676718812,0.1894051502982881,0.1990672200405109,0.0,0.2716577767867476,0.5685794098236073,0.1157218497011056,-0.328017188483847,-0.1614149503296461,0.4520840623015474,0.2584608287294928,0.4299112927995784,-0.0102474119401177,0.327607877189779,0.2126288757180866,-0.3119888002659722,-0.3385430871875855,0.9102968667912936,0.1390629847652548,2.279021037645684,2.5436213794676736,3.795377502875193
W0058,6,0.2304682145602968,-0.0004786238423817,0.1057351754289561,0.3179508622490093,0.1510612275324944,0.129710378859554,0.4169488168857863,0.063807359534304,0.2215416569160613,0.1084059716575819,0.1186702074185849,0.0565489593436681,0.1051575684338048,0.0584358356530418,0.0495160066150913,0.1554637010727991,0.3976726182567252,0.1714435546407302,0.5241455049330604,0.1305478130390101,0.1121599061393581,0.2248015417098736,0.1231163736540839,0.0699893701275977,0.1234697967025742,0.0480391562307706,0.0,0.2048842042211796,0.3269248366073918,0.0566194144258066,0.3079021671818385,-0.3750643369432096,0.3684314894353296,0.4454591110665972,0.0918359083869374,-0.1834430355772412,-0.2271045989138683,0.174772656162468,0.2745198269903227,0.368676259752459,0.0627446010094271,0.0539265148255765,2.765132718006218,3.110819679774257,4.812040645393137
W0059,0,0.1034482758620689,0.1034482758620689,0.1034482758620689,0.1034482758620689,0.1034482758620689,0.1034482758620689,0.1034482758620689,0.1034482758620689,0.1034482758620689,0.1034482758620689,0.1034482758620689,0.1034482758620689,0.1034482758620689,0.1034482758620689,0.1034482758620689,0.1034482758620689,0.1034482758620689,0.1034482758620689,0.1034482758620689,0.1034482758620689,0.1034482758620689,0.1034482758620689,0.1034482758620689,0.1034482758620689,0.1034482758620689,0.1034482758620689,0.1034482758620689,0.0,0.1034482758620689,0.1034482758620689,35.0,0.0,0.0,0.0,0.0,0.0,0.0,0.0,0.0,0.0,0.0,0.0,0.0,0.0,0.0
W0059,1,0.5658881554995017,0.1777534874189348,0.3227155087823127,0.9249283479805342,0.5462925131473935,0.2144594273154738,0.9911508015599751,0.1860647498799714,0.2254985259429894,0.1406821973946359,0.2084573978735108,0.2926373351171077,0.6971900716053346,0.4001960588718635,0.2685001100878967,0.6023082926230723,0.9238018427941476,0.5358757416252572,0.5634930511443518,0.4613253579059065,0.280499258799613,0.3895186265309844,0.4649398380795749,0.0679058648168765,0.5191521875324615,0.3510937412347252,0.3141460592983838,0.0,0.9905821664269256,0.1335984195682949,1.458821198452502,2.738653711389105,1.5143027686283597,0.1021680424512483,1.7122324376155298,0.4469900093048435,1.4339116149871216,1.9059226108801384,0.7560781675156434,-0.1453271599937203,1.0374920179258462,0.9783984583711144,2.339176340393711,2.178670077439538,1.8567101058676097
W0059,2,0.3904959542203733,0.2308459776814631,0.4129029666342526,1.2412489896453027,0.4895503402798785,0.1982744433629333,0.893020224723201,0.0734859302226082,0.579792987721597,0.1385333509326758,0.2708055221976581,0.3904779810400305,0.8361965741976283,0.151784792650821,0.4505225253514971,0.5515556707890094,1.2075955044789506,0.5901884922936655,0.8604898029059274,0.3608741268949788,0.3231779714781326,0.2160167272672225,0.3200415191476335,0.2262455983547541,0.2934172910839036,0.2515923829208647,0.5399481643337657,0.0,0.7639669685519168,0.1743988352911827,-0.1970466691732991,1.0012312032684574,0.2917605276337325,0.2411369563915367,0.5724894771004317,0.4974265014103625,1.3087591224571309,0.8358188712302037,0.1719026884340435,0.9875994082935377,1.0664313948864017,0.7342385722498019,3.162994855115968,4.486571203923575,2.447548005570768
W0059,3,0.4156695559340633,0.1635637975751669,0.2447026745530098,1.3370232211032536,0.5421143775718645,0.1965793642061332,0.9516295445787416,0.15512718773939,0.5832696345986199,0.3017279174696829,0.1387253299120606,0.3471485242368323,0.619929532137102,0.107516000465617,0.0689761461545886,0.3881437510906201,0.9677469951417442,0.4264655756748607,1.1455190244917677,0.2389219207297312,0.3370604670803566,0.276212379147664,0.5104272586267472,0.1411226852972936,0.0939397541415334,0.1721202180661691,0.3573450043414543,0.0,1.146476633177488,0.1562053053748562,0.0431288091009247,0.1921738835347141,0.8676649548972888,0.1493222342533597,-0.1046277317512921,-0.3250099512974186,-0.298019799491422,0.314393568253559,0.3025368922335408,1.4705475494512532,0.354942478609951,-0.2369729840598367,2.53205923192478,2.581383326806768,5.131497808899088
W0059,4,0.2415714105070399,0.2090708643586387,0.144714840157699,0.9319636983908056,0.5384715681748791,0.2161976379270328,0.3078766779576298,0.1704745362417839,0.5090542502233057,0.1418281958625083,0.1440116619995121,0.148618473157394,0.6513807250760419,0.0648002550829135,0.0849122575620165,0.3498155485726952,0.597787250103546,0.4108031838193409,1.0771802261830767,0.1294227102115915,0.169228802717221,0.1401557112455526,0.2245462838064701,0.0624500712190484,0.2137373917020079,0.3722127725962598,0.3483598803823852,0.0,0.6822442918764832,0.1381922037410873,0.3488467780507684,0.054560949425378,0.0362230653842556,0.3669415221968807,0.3293224681971402,0.0345456625736873,0.0505390241375999,0.0087741493454761,-0.5448706254162929,0.0173435427774156,0.1257065403909577,0.2518608484810921,4.44176488809705,3.5389597375459165,4.353596061920179
W0059,5,0.3266713941490328,0.1474272466959375,0.1659215200312153,0.5624639648158527,0.4034785827955591,0.1179246962517632,0.6061843017587827,0.1605871828649506,0.2997834189289168,0.1387185790192533,0.1325811249558089,0.1419228875924807,0.4751712356893663,0.0565819893974935,0.1792285353346903,0.2256829913942377,0.5307927395454574,0.3194189104445302,0.4824783124514938,0.052189470370778,0.1029750939148241,0.1052075622727565,0.4032949216080455,0.1233883413475198,0.1351434591849687,0.1813668435699033,0.181701581326806,0.0,0.5703562015829512,0.0888642392186569,0.146029613751019,0.3230619794095982,0.2502671220105977,-0.3564469607143208,0.3573949198234808,0.610451330167312,-0.4701679474133006,-0.1704422782600833,0.1449673574289308,-0.23357399350105,0.5125417367734478,0.3137365019145219,2.7655930588694697,4.474988369083825,4.298783677091537
W0059,6,0.2477932746135589,0.1255432932791026,0.1730961808659436,0.418756450285074,0.3627353127075386,0.1224751898584743,0.5364972037745809,0.0659966661362606,0.2148618854934255,0.087368074298124,0.0583706085751712,0.0733103836669119,0.3226199141801085,0.0752752261608008,0.1030445164588221,0.0876799281685131,0.1882496538317936,0.0918532758045502,0.3069360220286087,0.1724197915189758,0.0919917955570795,0.1282623866465256,0.1902101797032974,-0.0034572990292191,0.0573813752925115,0.0761305263780359,0.1712125836674982,0.0,0.4696100647611023,0.1403852851005978,-0.0824946569141238,0.2659816008194937,0.7300454601944444,0.3570861193896589,-0.2260264888046815,0.4632224297815352,-0.2869314679911138,-0.3065833589366233,-0.3439423967915303,0.1983942567620482,-0.0175651650825707,0.4795008534392767,1.9977584220808795,2.9633754100371013,5.301853542841423
W0060,0,0.1034482758620689,0.1034482758620689,0.1034482758620689,0.1034482758620689,0.1034482758620689,0.1034482758620689,0.1034482758620689,0.1034482758620689,0.1034482758620689,0.1034482758620689,0.1034482758620689,0.1034482758620689,0.1034482758620689,0.1034482758620689,0.1034482758620689,0.1034482758620689,0.1034482758620689,0.1034482758620689,0.1034482758620689,0.1034482758620689,0.1034482758620689,0.1034482758620689,0.1034482758620689,0.1034482758620689,0.1034482758620689,0.1034482758620689,0.1034482758620689,0.1034482758620689,0.0,0.1034482758620689,35.0,0.0,0.0,0.0,0.0,0.0,0.0,0.0,0.0,0.0,0.0,0.0,0.0,0.0,0.0
W0060,1,0.4833637930940694,0.3667594893029242,0.3267638993585495,0.8084964488256521,0.3541955165446693,0.1072166953786893,0.8731696801371659,0.2673771940625757,0.5888816777582024,0.5025044736196779,0.295775767359498,0.1801132133634765,0.8765421610025426,0.1677063632424827,0.3383426150529036,0.7397413583013356,0.6814350723922132,0.6344654191947969,0.8570979560161683,0.3987136002750949,0.2540204308274993,0.4301424918104014,0.5354675095571295,0.343605045161569,0.4909360168876958,0.2229395372981117,0.5105626412203046,0.4008041320910357,0.0,0.2625326104770904,0.3536359915541902,3.153192130854164,1.0032521451818712,0.681026304575546,1.5341382922656934,1.3403782155892394,0.5511436931275466,1.4537921176994333,0.063561435820877,0.4314526137920099,0.6632300767600611,1.141775071043153,2.7480530104355654,2.193528039627461,2.830341477005191
W0060,2,0.5952186337774497,0.2164303979128616,0.1639089021926615,1.1839789322091328,0.304058886059756,0.3061616502779943,1.2850189418721405,0.3000445778214419,0.5880041061190253,0.4010491772234696,0.1721086352998374,0.2073043285888831,0.7212116700114484,0.3110721680975342,0.3318090383685647,0.628395855490453,0.9104566004566392,0.563735219397437,1.1836480546498982,0.3329018209145494,0.3862862972570779,0.4899602806726586,0.3601022576045458,0.2782125717454629,0.2998559640858153,0.2235561902577806,0.2556147806895141,0.3759535457616777,0.0,0.1521555127188233,0.1430093718020659,1.1870740252566752,1.331298143979529,0.2317071021153879,0.7390664319530695,-0.2326755715875124,1.8829960365894745,0.7839697121417954,-0.5144791410298755,0.6053945125508476,0.235616049551029,0.068664724923266,2.772557960226668,1.87658145588114,2.798492604643539
W0060,3,0.3388281943845388,0.2346696071125603,0.2884997619616044,0.9936875596786942,0.7422238668100838,0.3057282959272153,0.9071091664942846,0.2091986123064006,0.3989580965590885,0.3176565585423873,0.1540296411199028,0.1606095251194861,0.4497395158891613,0.1817681201986136,0.1972548818324061,0.4560454379755537,0.6524511468090465,0.6092105354396056,1.3314168410946048,0.3875409052885464,0.3938245783178607,0.1849610508460977,0.3753763572769749,0.2524941789661228,0.3976760621081556,0.0680540495722325,0.3915738356648331,0.6629972142487905,0.0,0.2501214309463223,0.4338096528204489,0.7188514644821287,1.0972730360177352,0.4037911530401775,1.0557510078457342,0.6401989420085861,1.089462742807466,0.89613761253004,0.4649168079866776,-0.2905545562641747,0.4657321636991389,0.6181127977340714,2.000800581366024,1.6958506539615192,2.342228483041616
W0060,4,0.4146248942323179,0.212174241872828,0.248017657914056,0.9499565951621346,0.5571945232773217,0.2233770022952488,0.6020751609493185,0.1312455780153084,0.4417430313934138,0.1664716207538526,-0.0309301347019991,0.2664578293244105,0.4510502290324152,0.1248505107982637,0.233448100053541,0.2858681400026491,0.6423481483211348,0.5188796555942613,0.623208573412673,0.1284215803511087,0.2556394571242064,0.3625291818732993,0.1796937836129877,0.2212364803493121,0.2499180963896918,0.1171786538454198,0.1061692735844971,0.3216340809787515,0.0,0.1784364828585531,0.0601655867700625,0.8377106366983518,-0.0296617034990314,-0.1352046571283094,-0.7878915194050149,-0.6176164543876859,0.5145085092331769,-0.2216319130915428,0.728176866574135,-0.5385397532818694,0.6462995256114534,0.6245456564670482,3.5733693969179914,2.959342917370697,3.636805664284243
W0060,5,0.2577708852988444,0.1737750961047462,0.241805256611284,0.8572903775772234,0.2551799809277095,0.1405589092113789,0.6120315780262328,0.1117287791012264,0.1707434064831675,0.1570571013931809,0.136507166216208,0.1565079295543766,0.340604745199045,0.0516906108886596,0.0956965963786672,0.211070138542383,0.5977512338573561,0.296349382679638,1.0261788736001116,0.1766571906082315,0.2481169865710566,0.1540612635680707,0.3039119949636544,0.190351120356665,0.2539060415385747,0.1248754082810968,0.1535385219378811,0.2058834692015789,0.0,0.0328057191625908,-0.0620381195009584,1.015944982070758,-0.5719464778766403,0.4603734072643621,-0.0027498955897511,-0.2259666625754152,-0.0662740928363582,-0.3355529777320848,-0.4244052984027754,0.1462674520115913,0.6119025338365405,-0.2802174361685995,3.225394793034956,3.637166979317039,3.4874119221513675
W0060,6,0.249997086441834,0.1572818875540037,0.2188445571532494,0.4037470185035917,0.3480514962607972,0.076619652436621,0.4433973917724418,0.0507411164458328,0.1092186828258456,0.0415815232090694,0.0773284744582138,0.0588964026849645,0.2933202275118698,0.1314112419872094,0.0576397857905476,0.2508367610335346,0.7528434500159229,0.1032787877856471,0.7735320157487685,0.2396622530910875,0.0409096105819357,0.1678735623056817,0.2401304857465454,0.0656171542822521,0.0880967950281989,0.1138078618179145,0.1691170841941762,0.1639675486035453,0.0,0.1029598776121967,-0.2859759919320547,0.2011698072069398,0.0036028713909655,0.0146603502137761,0.2034592914365857,-0.4397781924378509,0.2912073614331634,0.7478879957100601,0.6823165760260828,0.4519442382019861,0.0215340297016198,0.3497641068161444,3.8994115626996977,3.1531952794532105,5.776127380801211
W0061,0,0.1034482758620689,0.1034482758620689,0.1034482758620689,0.1034482758620689,0.1034482758620689,0.1034482758620689,0.1034482758620689,0.1034482758620689,0.1034482758620689,0.1034482758620689,0.1034482758620689,0.1034482758620689,0.1034482758620689,0.1034482758620689,0.1034482758620689,0.1034482758620689,0.1034482758620689,0.1034482758620689,0.1034482758620689,0.1034482758620689,0.1034482758620689,0.1034482758620689,0.1034482758620689,0.1034482758620689,0.1034482758620689,0.1034482758620689,0.1034482758620689,0.1034482758620689,0.1034482758620689,0.0,35.0,0.0,0.0,0.0,0.0,0.0,0.0,0.0,0.0,0.0,0.0,0.0,0.0,0.0,0.0
W0061,1,0.8987708150178328,0.2987177632748532,0.3038776641649631,0.892072251265,0.5817443354576013,0.1957936752756832,1.0787095042267545,0.1445310240150599,0.3607962780077527,0.4937586597091961,0.3468971444902966,0.3412687672605538,0.6999631674357241,0.2631469176495849,0.3005459214405638,0.5777202807434357,0.9347059893245158,0.6661379587640036,0.950959716738665,0.4390657666647973,0.4595699853890559,0.2582497256427937,0.3471528487676825,0.2686354574583757,0.5770108590833479,0.2696542054793778,0.2868627045405646,0.3688253388309193,0.9385376115086128,0.0,1.266062615087138,2.6978547098722934,0.51945323731669,1.784214289735023,0.79749907731292,1.2222517942917013,2.69561772913508,0.8873926029030113,-0.1128027628343418,0.5410717093745971,1.426321052149362,0.2407103209021098,2.383655107917165,3.5176613548406777,1.8287561015774991
W0061,2,0.7553232162403065,0.2672246050988416,0.4016315714493991,0.9098497936838208,0.6853471108157223,0.3400961471863284,0.8993402078170125,0.1727784917023839,0.8087607628717832,0.2007357804365699,0.2378889920708903,0.3304879446161517,1.0697365681721314,0.2965853081079216,0.2925910464934779,0.4232697906063503,1.2177673593293947,0.6565360722417234,0.9093231381040678,0.3412191206449226,0.1989644216829682,0.2696525968270526,0.4008335959926422,0.2951997284369333,0.3185734481485524,0.3469375003881706,0.4397732378947128,0.407568549233228,1.1141408696779629,0.0,-0.1437264570960062,1.7931700750301696,1.132248579467407,0.2422099354273371,0.1465759424526919,0.3113621962454264,1.157617780282189,1.0041954560923043,0.3798667347897766,0.3877233073291067,0.9127319195913834,0.3267254121609662,4.595575259850054,3.4217993728362304,3.484222624717578
W0061,3,0.6533840104705798,0.4176008517120557,0.1478052877382718,0.6285262662583107,0.4033146194387218,0.1648053188204923,1.289239648554969,0.1274716183508794,0.4943125052546462,0.2341008652191772,0.3057359481760618,0.4188519211880583,0.8190424866791193,0.3398076391785934,0.1975722726829483,0.4781118954028714,0.4886069048996411,0.4355723290595617,0.9468227793670952,0.3357447681365815,0.2364334993668467,0.2139815462457325,0.3335360856084099,0.2168058362290878,0.3068396186815005,0.3440815420769518,0.4785388005826785,0.4229568196495984,0.7808034449637368,0.0,0.1539037300654717,0.4871773314879435,0.2352089136630685,0.1520022315072857,0.5352646636708747,-0.0794742233397401,-0.237486948913748,0.2824699935820152,-0.2636986668607994,0.0599582242588313,0.6243367397419466,0.8160229293854468,2.6373932252175205,2.200049633454151,5.32544710524137
W0061,4,0.2120670422078938,0.1509331717750079,0.2997073996517704,0.938762645406174,0.3958793538565339,0.1473584975835515,0.912457608447332,0.1760707018415336,0.2992175900960327,0.2535122474719403,0.161147178725535,0.1299506601059745,0.4662101593219417,0.127084440736503,0.1769484425666749,0.3337123695464157,0.787648005962885,0.2256715314402328,0.6248542992753652,0.0668075691697228,0.1205974336268256,0.228668582383945,0.1761073302552288,0.2110943718549134,0.2101889945990694,0.1538375080981471,0.1875116741890215,0.2946564554130317,0.9185167844050114,0.0,0.0285890077736364,0.9341163487986944,-0.0701873563766829,0.5019645815172454,1.078555516767453,0.3570723133501453,-0.2185600462287231,-0.469295798473515,0.4517043105737321,-0.1437055499198493,-0.0784249014708946,-0.2570629326314957,3.241221737556073,2.463158110045232,3.910214983683512
W0061,5,0.3666679111941977,0.1030493918854242,0.2085511157916367,0.891818988878848,0.3596824393339972,0.1894732479218384,0.4750017803562232,0.0128082475798571,0.1614454160778612,0.1845291724848417,0.1252139817602712,0.0985992222883802,0.291705965222539,0.1183920898849545,0.1152255615226582,0.3199418295186758,0.5399325667721065,0.1860879350077277,0.8207929744727671,0.0915009247535174,0.1765936089428116,0.1411738950480099,0.3583154142236073,0.1840763675714578,0.1492634708098602,0.233363639500598,0.2516601105981531,0.1898355369548052,0.6734910184102603,0.0,0.4672049842775935,0.4516612788735317,-0.2794177872120303,0.0592968348112081,0.0419066131070734,-0.1251790143082038,0.5409690262837492,0.2639359941570408,0.4413367667249036,-0.2923391229726249,-0.1048555279341718,0.3485041167279924,3.160877221491957,2.742895509963887,4.950542776397162
W0061,6,0.2066874161160702,0.0591366263500644,0.1217949709438452,0.5731113423455662,0.2091633171151886,0.0936655203592182,0.282804989595773,0.023550285710296,0.2054129087616158,0.045861733550029,0.1063756897222842,0.1543238839472522,0.1906465512527229,0.1008241187259502,0.1364681799152906,0.2239349493443962,0.6083452146429507,0.2090597985654647,0.3605274301405796,0.0648135782664581,0.0850786269404685,0.0152022734345495,0.1362123122884184,0.056218833226246,0.1497824361064188,0.1017930795969248,0.1483742032592951,0.0978670104333778,0.533640782864674,0.0,0.6007185599964399,0.6596297716641388,0.1179682651559508,-0.0881943315683713,0.3173941843204599,-0.1684501252787207,0.4111160668742099,0.3771254479811999,-0.026265283544958,0.2411409068123498,-0.3358204429565994,0.5657217239860831,3.2924725465377733,4.81462244094153,3.9845380464090425
W0197,0,0.0,0.0,0.0,0.0,0.0,0.2142857142857142,0.0,0.2142857142857142,0.2142857142857142,0.2142857142857142,0.0,0.2142857142857142,0.2142857142857142,0.0,0.2142857142857142,0.2142857142857142,0.2142857142857142,0.2142857142857142,0.0,0.2142857142857142,0.0,0.0,0.0,0.2142857142857142,0.2142857142857142,0.0,0.0,0.0,0.2142857142857142,0.0,35.0,0.0,0.0,0.0,0.0,0.0,0.0,0.0,0.0,0.0,0.0,0.0,0.0,0.0,0.0
W0197,1,0.0,0.0,0.0,0.0,0.0,0.4849897940349065,0.0,0.3125836724268352,1.0126505669495616,0.4943420939320995,0.0,0.5709648503893671,1.8645902629786373,0.0,0.8652240626129375,1.8797250683472964,2.08348370349332,1.220898818665232,0.0,0.7381970573779395,0.0,0.0,0.0,0.7516047429750271,0.7635051440343696,0.0,0.0,0.0,2.251394565527767,0.0,1.0852201565224815,2.635461736850587,1.3637710079345589,2.4416821504391466,0.9425714462412468,1.0369050218208442,1.0840714479213198,1.1531720044056613,0.6647271470560577,0.7828116629604276,1.247030032143293,1.083522971823381,2.4074684974785487,1.5072127808485984,1.951590047251675
W0197,2,0.0,0.0,0.0,0.0,0.0,0.28113591903105,0.0,0.403231306562857,0.6985634911622768,0.564842786395572,0.0,0.5363149853629794,1.5909608208494737,0.0,0.5657093058236942,0.8348674728546348,1.0639360527700967,1.1291507285350215,0.0,0.4440529806585978,0.0,0.0,0.0,0.4842290889664003,0.5801647251425859,0.0,0.0,0.0,1.4190200415329686,0.0,0.592868195373211,1.4067057948906752,1.1214797898089697,1.7242143968751495,1.4486146065763528,0.6066150495849143,0.8595887776806239,0.626605139580823,0.2449128560739372,-0.2211273961049511,0.730544998589026,0.9706760444119992,3.189943778491572,5.050212055727082,2.9575132371171167
W0197,3,0.0,0.0,0.0,0.0,0.0,0.5699384634097449,0.0,0.4711116918814663,1.062336625760705,0.467837418333521,0.0,0.5566276427644027,0.5880987544057041,0.0,0.4129152141202781,0.5961110512171244,1.341758190581718,0.7362573628631286,0.0,0.5728733927404527,0.0,0.0,0.0,0.3967837481109463,0.8778391201295654,0.0,0.0,0.0,1.3851274704676937,0.0,1.0563513081409042,1.8644441808571373,0.5012898609504922,1.122910283587066,1.0722674532997505,0.8255284527272194,0.5324206980670652,0.5937359996961805,0.8760273622791803,0.5390139695646624,-0.6560952349618573,0.7097933066862083,4.086083561637801,3.1351861783551627,1.714809563791675
W0197,4,0.0,0.0,0.0,0.0,0.0,0.3469524898157564,0.0,0.5341813481964,0.7435035221541847,0.5964943016406544,0.0,0.380122316804081,1.2782426892366177,0.0,0.3596089276771476,0.7921513338352496,0.901360815927011,0.3520762597615814,0.0,0.4093236218216318,0.0,0.0,0.0,0.4938605089988325,0.7420982768502993,0.0,0.0,0.0,2.047597645925589,0.0,0.0234053464033242,2.1285210145149134,0.784370172126734,1.5168741967802877,-0.297611634203286,0.3558643343966648,0.9155630744276924,0.256219824255614,-0.2268129352351937,-0.5953377461308067,1.0110190288482053,0.4783528560519852,3.6546866453175495,5.583163432700195,2.825828227212859
W0197,5,0.0,0.0,0.0,0.0,0.0,0.2901185503577714,0.0,0.2400209991043317,0.6367896696850437,0.3864629018330799,0.0,0.1634308322291299,0.5799235478105164,0.0,0.3343608792774351,0.6503318386752607,1.0313477099062769,0.2894459486034029,0.0,0.1977924852173201,0.0,0.0,0.0,0.1546225009943982,0.4113282478318849,0.0,0.0,0.0,1.5856150142861545,0.0,0.1099876983994804,1.1556832061811255,0.6740594263695903,0.6076859112256023,0.0145798842114353,0.2104645800594306,0.5838292817805473,0.2133998966507735,-0.0033249859365817,0.3827398445780714,-0.5918961713106883,-0.2641620706930989,3.3790100142878425,5.380686075559049,2.794108542625748
W0197,6,0.0,0.0,0.0,0.0,0.0,0.3578169746494955,0.0,0.2749782465963187,0.3098406295706856,0.3105552441717464,0.0,0.2673611691093137,0.5557257190197648,0.0,0.1801626829236093,0.3731564448168362,1.2048372847355864,0.630817918962578,0.0,0.3934891008082647,0.0,0.0,0.0,0.3488020076702623,0.232841302087978,0.0,0.0,0.0,1.6878515523001787,0.0,-0.3765706396215994,-0.048494758438387,-0.6260873100542632,0.0708882878274437,0.8119341908754493,-0.317290792722391,0.3725544720882469,0.8449870641830469,-0.6902246830912458,-0.1231845274728744,0.224897261262791,0.5223224944104005,3.116642616945952,3.572417976231312,2.390318132261802
W0259,0,0.0,0.0,0.0,0.0,0.3333333333333333,0.0,0.0,0.0,0.0,0.3333333333333333,0.0,0.0,0.3333333333333333,0.0,0.3333333333333333,0.3333333333333333,0.0,0.0,0.0,0.0,0.3333333333333333,0.0,0.0,0.3333333333333333,0.0,0.0,0.3333333333333333,0.0,0.3333333333333333,0.0,35.0,0.0,0.0,0.0,0.0,0.0,0.0,0.0,0.0,0.0,0.0,0.0,0.0,0.0,0.0
W0259,1,0.0,0.0,0.0,0.0,1.1593666447302606,0.0,0.0,0.0,0.0,1.072864364313694,0.0,0.0,2.0688995483036523,0.0,0.8322091398201149,1.4845365370158436,0.0,0.0,0.0,0.0,0.9589109305138184,0.0,0.0,0.8340207341441768,0.0,0.0,1.1552613719857387,0.0,1.885548071278056,0.0,0.4726658330876074,2.2751005763399856,1.3543252291406047,2.8629068206439623,1.0798978976164435,1.387489320873668,2.204204612189909,1.0821901472880595,0.8206585656678154,0.6501526066336735,1.4782674572626853,0.3606206651445609,4.833090092522136,4.328086005008472,0.7138181512867874
W0259,2,0.0,0.0,0.0,0.0,2.687413881492222,0.0,0.0,0.0,0.0,0.7224328152528875,0.0,0.0,3.0868815631605364,0.0,0.2690231599123908,1.5857805401514855,0.0,0.0,0.0,0.0,1.3303915963463488,0.0,0.0,0.7284718074101738,0.0,0.0,1.133866435919552,0.0,1.7112939496475683,0.0,0.2079506431948296,0.8950201492792678,0.963500239827594,0.6588296873536925,-0.6482582694030116,0.6831841989361274,1.3839084698293216,0.7096930991578871,-0.017090609335676,0.0510667384165942,-0.3121596096290512,0.6594101125723135,5.898948936316271,3.7108354448988514,2.85630785251735
W0259,3,0.0,0.0,0.0,0.0,2.0806170684795844,0.0,0.0,0.0,0.0,0.3591318453709843,0.0,0.0,1.4544689191109408,0.0,0.6861932976021736,1.1085206295894603,0.0,0.0,0.0,0.0,0.6415125495451723,0.0,0.0,0.7469500498951936,0.0,0.0,0.7634296256287807,0.0,1.5774088700427242,0.0,0.1818212387164297,0.7514282328076217,0.6400702165064448,0.3630890533332392,-0.0945535425767593,0.5922471626236709,1.374580936454444,0.907969874615479,0.3245825215970224,0.6323860247180495,-0.1370164895794659,0.7530551627718225,7.20071201974428,3.564243772110447,3.1185419825769136
W0259,4,0.0,0.0,0.0,0.0,1.429529471540168,0.0,0.0,0.0,0.0,0.5319701108264104,0.0,0.0,1.3460265619248597,0.0,0.4133350919116808,0.6907066606832486,0.0,0.0,0.0,0.0,0.6832284502413819,0.0,0.0,0.3675615228260652,0.0,0.0,0.5495750483004458,0.0,1.2787451645161805,0.0,1.2268803508473078,0.7249930467487777,0.6022579261957757,0.5049618833496272,0.6319778181874127,0.0251251381536582,0.4675544153868329,0.7817662099290936,0.0526971514208738,-0.4874503196957219,0.2776204397578323,-0.5235572803416242,4.277314691435743,5.686846958114717,2.4043537553231844
W0259,5,0.0,0.0,0.0,0.0,0.4855699727640954,0.0,0.0,0.0,0.0,0.5181587122311518,0.0,0.0,0.8072845112405593,0.0,0.3914835780276476,0.7170026136226917,0.0,0.0,0.0,0.0,0.5531872065632466,0.0,0.0,0.5803857110326404,0.0,0.0,0.468955541240896,0.0,1.5336359013077256,0.0,0.4201376237916636,-0.0160718086007921,-0.4405102968616846,0.5003730700254754,0.8176933518853032,-0.0502125155798047,1.2915106826428,0.8070462107541255,-0.217396017269808,0.040563364210159,-0.2303370674091692,-0.1757595685109808,5.252946696944142,5.896321038667831,3.612514090532284
W0259,6,0.0,0.0,0.0,0.0,1.3273997955979042,0.0,0.0,0.0,0.0,0.340820059117529,0.0,0.0,0.7651873274572929,0.0,0.3225156140175422,0.5199166760917437,0.0,0.0,0.0,0.0,0.387037373977057,0.0,0.0,0.1693136729222621,0.0,0.0,0.2135043716166949,0.0,0.9349190845144132,0.0,-0.0350913083931359,0.6606785323690599,-0.2538447785624372,0.5196989118682995,0.1515193997506218,-0.0210560264013881,-0.1079069955277152,0.2559007219650314,0.2063446210159826,0.3804932476274891,-0.2141303293921358,-0.4824802254310117,4.530134128983192,4.201983055657374,1.0828215066052336
W0448,0,0.0,0.0,0.0,0.2727272727272727,0.0,0.0,0.0,0.0,0.2727272727272727,0.0,0.0,0.2727272727272727,0.2727272727272727,0.2727272727272727,0.0,0.0,0.2727272727272727,0.0,0.2727272727272727,0.0,0.0,0.0,0.0,0.0,0.0,0.0,0.2727272727272727,0.2727272727272727,0.2727272727272727,0.2727272727272727,35.0,0.0,0.0,0.0,0.0,0.0,0.0,0.0,0.0,0.0,0.0,0.0,0.0,0.0,0.0
W0448,1,0.0,0.0,0.0,1.8850953868312452,0.0,0.0,0.0,0.0,0.7914130635793148,0.0,0.0,0.7198450017383994,1.506535476681513,0.491027301634778,0.0,0.0,2.062503012274292,0.0,2.549316949138195,0.0,0.0,0.0,0.0,0.0,0.0,0.0,1.228638355483506,1.085118073905858,1.5756952608837498,0.6599432975857986,0.6758658981503249,3.58469853052085,1.0217686572945983,1.1264859586734284,1.8545827912095572,1.1456285167667506,1.5304720152978746,1.971623890039719,-0.0996543252316117,0.58322266320356,1.700930472751524,0.587643209827562,2.034855550861351,1.3056543187672387,2.661979510040123
W0448,2,0.0,0.0,0.0,2.3521741466255763,0.0,0.0,0.0,0.0,0.6152707253047907,0.0,0.0,0.5402372479269641,1.5342256533598646,0.1974768792676471,0.0,0.0,1.5185653567796766,0.0,2.424001935736197,0.0,0.0,0.0,0.0,0.0,0.0,0.0,0.6380228702388031,1.0352701970880658,2.472358973037675,0.6431629901167638,0.1723616396155064,1.2986107378537397,1.7741374886295267,1.1994644415591256,0.1721687416267898,0.0756298217927928,0.6619859381224455,0.9799165544088388,-1.1080345022289233,0.2612246891877237,0.1678173418402086,0.8627330186020534,3.952106116222541,3.097480065364422,2.5687528586645083
W0448,3,0.0,0.0,0.0,2.294238951554933,0.0,0.0,0.0,0.0,0.8886236272595227,0.0,0.0,0.5848926729729843,1.3763157195571645,0.392420540593291,0.0,0.0,1.2643903247137425,0.0,0.9617520070973492,0.0,0.0,0.0,0.0,0.0,0.0,0.0,0.6745097295364951,0.6066864427804767,3.0160877800673207,0.6703847288530607,0.2415817587591811,1.0402159025624005,1.0244184038097497,-0.3191367580938568,0.0656857312368451,-0.3006748148014292,0.0649398582590572,0.2509405952469021,0.0731361009086368,-0.1613681343343513,0.7362999015411549,0.245242329809794,2.320501539684912,3.776215483030581,3.9750039858075703
W0448,4,0.0,0.0,0.0,1.502391239216004,0.0,0.0,0.0,0.0,0.6953933669882034,0.0,0.0,0.4540388712830787,0.6418534500187794,0.129382905028175,0.0,0.0,1.684314529098656,0.0,1.666738396356343,0.0,0.0,0.0,0.0,0.0,0.0,0.0,0.3711947553872513,0.7695876356627809,2.3603233935658805,0.4407221545097721,0.1652932900917229,0.4774005045399593,0.5434383285728379,0.656567848849462,0.9527343846245956,0.0233558757449861,0.2103790885711235,-0.4425035836138763,0.4332924631161615,0.516925648038072,0.2110173330652414,-0.2312177563964688,2.7990489228927675,2.757583106158131,4.188681989216654
W0448,5,0.0,0.0,0.0,1.5586151414917269,0.0,0.0,0.0,0.0,0.3546799915486747,0.0,0.0,0.0224118844683491,0.9779900416811446,0.204348499999944,0.0,0.0,0.8114692253329832,0.0,1.3153770590438558,0.0,0.0,0.0,0.0,0.0,0.0,0.0,0.2675222658416024,0.502555890237612,1.1122605722800816,0.2317806726589905,0.298315061616611,-0.0212767350601953,-0.0934799416136621,0.9756771364392528,-0.4410507785109535,-0.2153738185320199,0.0527192624215511,0.6139097784283323,-0.3219196433922942,-0.516578916729115,-0.0319696077650663,-0.1684842914549437,3.558778583243541,2.1517910583321505,3.3055808941798133
W0448,6,0.0,0.0,0.0,0.6032273211136758,0.0,0.0,0.0,0.0,0.4802636065923674,0.0,0.0,0.1937363397879536,0.6508214062300617,0.0976716376094724,0.0,0.0,0.7632215171101582,0.0,0.4244097451615005,0.0,0.0,0.0,0.0,0.0,0.0,0.0,0.387805087903307,0.4736640566345251,0.8362891518911972,0.1868381563554066,0.5740641648973246,-0.1589213674536723,0.2415916564338463,0.0083344064406316,0.4182546357475233,-0.0474876688753519,0.6741057567687899,0.0255311377045623,-0.1482122452692216,0.3369575942136633,0.0964831879040224,0.1100640095848149,3.3327615427630906,2.2475297970889105,4.372868381319521
W0496,0,0.0,0.0,0.0,0.2307692307692307,0.0,0.0,0.2307692307692307,0.0,0.2307692307692307,0.0,0.2307692307692307,0.2307692307692307,0.0,0.0,0.0,0.0,0.2307692307692307,0.2307692307692307,0.2307692307692307,0.0,0.2307692307692307,0.0,0.0,0.2307692307692307,0.2307692307692307,0.0,0.2307692307692307,0.0,0.2307692307692307,0.0,35.0,0.0,0.0,0.0,0.0,0.0,0.0,0.0,0.0,0.0,0.0,0.0,0.0,0.0,0.0
W0496,1,0.0,0.0,0.0,2.390632579084789,0.0,0.0,1.8497573960326044,0.0,1.249643935101885,0.0,0.4891604865283702,0.614795075159876,0.0,0.0,0.0,0.0,1.4523219339378857,1.491391833341982,1.4990823628835726,0.0,0.7031978517644949,0.0,0.0,0.7301950452899957,0.9542908545731332,0.0,0.6582804157069965,0.0,1.5212610033699787,0.0,0.9053099994189512,3.009996923748134,2.360138593765375,0.6776947699560362,0.772976433876314,1.534982436255266,2.428995434845965,1.982305805772985,1.1242590727599595,-0.3646384636612352,0.6534194074314743,0.4732817124202672,1.650656614035306,3.3298854238949853,1.82910574288018
W0496,2,0.0,0.0,0.0,1.664068225523076,0.0,0.0,1.236078743647841,0.0,1.299057779887146,0.0,0.7112367951319378,0.5176650502762579,0.0,0.0,0.0,0.0,2.0539316424219027,0.77680961590706,1.4415858909384445,0.0,0.741363713995312,0.0,0.0,0.5376485366499708,0.7552995493157324,0.0,0.7474917789864284,0.0,1.8504269609528572,0.0,-0.1604707433095115,1.071701417838907,0.3047994006016132,0.7717796460991385,0.6279275086196623,0.624714102365626,1.0793106158199597,1.0065980777758707,-0.1602889009658729,0.1171259093943961,0.5514091503333471,1.4121382199315495,1.2774006235352595,2.993057982554959,3.440939337581393
W0496,3,0.0,0.0,0.0,1.5334956529129558,0.0,0.0,1.300511565734532,0.0,1.1741470331919577,0.0,0.3465226719921043,0.527348872755125,0.0,0.0,0.0,0.0,2.0437045505181133,1.0396212445802726,1.8471833002956448,0.0,0.2922585124604532,0.0,0.0,0.4062279534512878,0.5504591406862093,0.0,0.5791524493632728,0.0,2.026814180179428,0.0,-0.2900312607037687,0.4667512480318121,0.5151426371598818,-0.0042458699482125,0.4854267464479701,0.1143906312777482,0.0768403308899469,0.4164834561449245,0.2342121170032485,0.072679673221406,-0.4758670014146922,0.9403767375569764,2.634519058931286,2.44118469638431,3.4750270492473136
W0496,4,0.0,0.0,0.0,1.4941589946876035,0.0,0.0,0.9374155234139998,0.0,0.6721362088991799,0.0,0.3329646183616176,0.2549293897655807,0.0,0.0,0.0,0.0,1.552320272574118,0.4679152265699642,1.5518902848562637,0.0,0.5447363508608956,0.0,0.0,0.1826171916190656,0.2162574824335757,0.0,0.4590113414330902,0.0,1.0078565330143665,0.0,-0.0436137641241137,0.2430173279206507,-0.4787441422160927,-0.0791252379790078,-0.5076789001924417,0.2421193271226333,0.3050156219434193,0.0263367306118922,-0.2942171469760379,0.4754939373567254,-0.0205422725184117,1.1212881726729949,2.791528953938517,1.9206504972809613,4.248336421990266
W0496,5,0.0,0.0,0.0,1.1335110095216967,0.0,0.0,0.7827029031620784,0.0,0.2742315031282371,0.0,0.330509610338469,0.3015462634993782,0.0,0.0,0.0,0.0,1.027713393972293,0.3207921923865699,0.9906528465124944,0.0,0.2009299125716881,0.0,0.0,0.2417658151726016,0.5536329984014672,0.0,0.38202002873794,0.0,1.2315819019768628,0.0,-0.0378054812427516,-0.2530808262092433,-0.6134612010571627,-0.4845510724966799,1.139903463287723,0.173582025012923,0.1894504433667889,0.2296118603844859,0.657610685208709,-0.9020590656530738,-0.3786136982944806,1.0177500526039445,3.351508861647095,3.7956742159930457,3.5718877711366708
W0496,6,0.0,0.0,0.0,0.3272286166108512,0.0,0.0,0.4191832721364559,0.0,0.2911235464636585,0.0,0.251207792602047,0.2640555512773566,0.0,0.0,0.0,0.0,0.930953559163559,0.3297108897566145,1.25806316313791,0.0,0.1985293536342535,0.0,0.0,0.1826535343935134,0.136876539992978,0.0,0.0720416840728973,0.0,0.9271859061208976,0.0,-0.1739435588004697,1.0153790373601397,0.2869669115786031,0.5888584904936512,0.6340910376192241,0.1897124327409641,-0.1199789368046014,0.404932796871921,0.5135570162685072,0.0053362816634164,-0.2298453434484404,0.7848935663548157,0.8916182472662064,3.038681864103741,3.7918839719425983
W0569,0,0.0,0.0,0.0,0.2142857142857142,0.0,0.2142857142857142,0.0,0.2142857142857142,0.0,0.2142857142857142,0.2142857142857142,0.0,0.2142857142857142,0.2142857142857142,0.0,0.0,0.2142857142857142,0.0,0.2142857142857142,0.2142857142857142,0.0,0.2142857142857142,0.0,0.0,0.0,0.0,0.2142857142857142,0.2142857142857142,0.0,0.2142857142857142,35.0,0.0,0.0,0.0,0.0,0.0,0.0,0.0,0.0,0.0,0.0,0.0,0.0,0.0,0.0
W0569,1,0.0,0.0,0.0,1.922796152137598,0.0,0.3341565516258093,0.0,0.2243314163473744,0.0,0.7945576978913983,0.8265598797950744,0.0,2.4735914002096044,0.4452088955628257,0.0,0.0,1.5124996140052995,0.0,1.2487352401875305,0.5375411302947091,0.0,0.6221883633097319,0.0,0.0,0.0,0.0,0.7600010292358825,0.8265538157683084,0.0,0.4036447358084345,0.9118345020269504,1.593490338720281,1.03803598432343,0.974577241787987,2.584965825877824,1.5245318309058318,1.1766154625778815,1.048857430082816,-0.2305375454229181,0.0963423133486679,0.9469794870066248,-0.348111594702011,1.4686252453206188,1.5016982200136617,1.2629575727201072
W0569,2,0.0,0.0,0.0,2.054988912528385,0.0,0.4632136980607455,0.0,0.3333183169065795,0.0,0.5776756429954133,0.5476248918737452,0.0,1.5204695617609103,0.3844271711287846,0.0,0.0,1.8738097026402585,0.0,2.790420553607607,0.6437595530473914,0.0,0.728604853274895,0.0,0.0,0.0,0.0,0.9320526228360124,0.7520610637209448,0.0,0.4012558278830338,-0.3168840575890112,2.227881972897299,0.1457476310920883,0.7946137830035624,0.6543564955298369,0.3555500308084776,0.7457043419733861,0.7680596042487942,0.4686237864170927,0.3918044169441027,-0.0088418482191696,0.818482076876401,3.1047901826165014,2.4768021071513786,2.7321547779018425
W0569,3,0.0,0.0,0.0,1.7547861759746204,0.0,0.4974084809034828,0.0,0.3680959532899973,0.0,0.3286767620550781,0.4882957933669791,0.0,1.298600395266497,0.2556229766552339,0.0,0.0,1.7225027055259996,0.0,1.939153089498841,0.5606125418586321,0.0,0.5940649666124219,0.0,0.0,0.0,0.0,0.5392432034250031,0.7243705697182073,0.0,0.4493272726876033,0.1894650152824608,0.9680040447971237,-0.1479335120208207,-0.2166573952330396,0.7240295803025465,0.6291480698127723,0.7932737072168159,-0.063621315169966,-0.0091261623737541,-0.0039084319472327,0.6284409488716811,-0.1270337484975625,4.178142280834481,3.0053444403332144,2.826331849404058
W0569,4,0.0,0.0,0.0,1.6669602854259071,0.0,0.2961936199582808,0.0,0.393052703932119,0.0,0.3546892107421256,0.4126587508831292,0.0,0.5688091784181966,0.4242623303230615,0.0,0.0,1.889209655771028,0.0,2.09626693603883,0.4242382868217919,0.0,0.3998831257473757,0.0,0.0,0.0,0.0,0.4801701114343602,0.8841798342194689,0.0,0.4829066220035429,0.3436506726780953,0.7631998955420327,0.7790127681206278,-0.0736559194039765,1.2937090946788328,0.2217265309121545,-0.1487400789269877,0.1315624973039307,0.2293004417336192,-0.2014597335776726,0.2104701855430954,-0.3731339728603787,1.994715536610835,1.993517924734573,5.160772107943605
W0569,5,0.0,0.0,0.0,0.7868888294934074,0.0,0.3785525917169585,0.0,0.1486806343031402,0.0,0.2493952320508931,0.0637301239520903,0.0,0.4992641678713113,0.2006270452527493,0.0,0.0,1.3523779418071673,0.0,1.3378288671557748,0.4762136063113506,0.0,0.1271370230680758,0.0,0.0,0.0,0.0,0.3399322248463425,0.7128529496769216,0.0,0.0437486378451901,0.3559871610881741,-0.3083237166523421,0.6370541897851772,-0.1608180151874146,0.3669079664628206,1.0150849550465195,0.5884827633041848,-0.3434455234520387,0.6504641449190541,-0.4643052551617282,0.3288905914944474,0.3030737746340072,2.4899609579788486,2.671856585044754,3.533169990068499
W0569,6,0.0,0.0,0.0,1.2536124864325986,0.0,0.2929129199811518,0.0,0.3024398839618537,0.0,0.2468490445075697,0.1369163556307059,0.0,0.5283572038008891,0.0647765229433628,0.0,0.0,1.1307781933658927,0.0,1.0589388680000127,0.1572884666627451,0.0,0.3208843584397838,0.0,0.0,0.0,0.0,0.4498333435887159,0.4769454755630299,0.0,0.3039443812825197,0.2535036813253098,0.0091466891206014,0.3644687431030806,-0.0494858918460046,0.8619359834235497,-0.1506398559605034,-0.0956874084708789,-0.0353047857656978,-0.4195555360822139,0.1354573396099505,-0.2240394119669454,-0.1817108925309692,3.4369763339570487,2.579451151627434,6.088475659592162
W0825,0,0.0,0.0,0.2,0.0,0.0,0.0,0.0,0.0,0.0,0.0,0.2,0.0,0.2,0.2,0.0,0.2,0.2,0.2,0.2,0.2,0.2,0.2,0.2,0.0,0.0,0.2,0.2,0.0,0.0,0.2,35.0,0.0,0.0,0.0,0.0,0.0,0.0,0.0,0.0,0.0,0.0,0.0,0.0,0.0,0.0
W0825,1,0.0,0.0,0.6002659035437654,0.0,0.0,0.0,0.0,0.0,0.0,0.0,0.6467689991157147,0.0,1.6047089877252816,0.6277145817112675,0.0,0.6310131672158199,1.7932459056306336,1.0928582545524153,1.07992487550151,0.5551025161932399,0.6812314348503906,0.7908148420999681,0.8731635507992348,0.0,0.0,0.5172795987136111,1.489856123119191,0.0,0.0,0.3979326604413207,0.765380095263725,2.1840209348531454,2.1427995602888035,0.5732388432648504,2.5012510593101034,0.8277571144282452,2.487130220210292,0.8276583677253355,0.0261929040345709,1.319865965415825,0.3500778585749748,0.5825928486986847,3.2542877459559083,2.42332506774543,1.8769826984176363
W0825,2,0.0,0.0,0.7278705537710253,0.0,0.0,0.0,0.0,0.0,0.0,0.0,0.3634820586903707,0.0,1.2167653537535954,0.3914546041054461,0.0,0.782027986286769,1.2106875647169522,0.7674071570733885,1.3917309858407667,0.3299032123171334,0.671878015169133,0.6110998959490306,0.7452121779974139,0.0,0.0,0.6277647028767173,0.3650561524870344,0.0,0.0,0.3140180401770427,-0.4890892636217455,2.5687476409303445,1.759309979626936,0.0846412713965405,2.225374526156316,0.2944657295974933,2.215640767945969,0.6146975938850507,-0.0556939774560558,0.1685625649646647,0.7737700755717687,0.131375572418969,4.209223129632616,3.480251006555851,1.3145036717792729
W0825,3,0.0,0.0,0.4450113613426431,0.0,0.0,0.0,0.0,0.0,0.0,0.0,0.5304279562214074,0.0,0.795030256125841,0.2650005123846389,0.0,0.5718326383607402,0.7720344908077506,0.7835239139181668,0.992556144601744,0.2375109942091395,0.7082828006287363,0.2725311555605465,0.7244161404354925,0.0,0.0,0.3391025784379181,0.6713868857548559,0.0,0.0,0.4384650459659048,-0.2618362782156636,0.4349915190881732,1.304376092613259,0.6016530850844651,1.675200011183482,-0.0224372813572958,0.9582005958102476,0.3240675621638644,0.8130186213954783,-0.2154326899073671,0.647816078587646,0.2128457341517936,5.901196780824128,2.9364666888417377,5.355557934660956
W0825,4,0.0,0.0,0.6071924232720838,0.0,0.0,0.0,0.0,0.0,0.0,0.0,0.1669802060272406,0.0,0.3836504283449651,0.243397774797324,0.0,0.6159086498592091,1.2702564382005357,0.552877824907247,1.7482768331770733,0.3209868586882396,0.4852118005633739,0.5387651233321666,0.6652345390365901,0.0,0.0,0.3763019199828174,0.4716295053507293,0.0,0.0,0.1799434401485584,0.189410863378648,0.8519124295449096,-0.5426827015344543,-0.7199300728847569,1.3774261157938192,0.9861112951231784,-0.1776401203615742,0.2455862778598862,0.280144294533994,0.1437568302987301,-0.3277519180070133,-0.2709944033663882,3.948823445315326,1.1042085984071577,4.72866932414966
W0825,5,0.0,0.0,0.3018532902141918,0.0,0.0,0.0,0.0,0.0,0.0,0.0,0.115648094292285,0.0,0.6922163930004367,0.1663296723835824,0.0,0.5814208303431442,0.4677155518295277,0.5954079984263492,0.8923886354130179,0.3709400354093891,0.4859342340951721,0.5032777349580374,0.5078490508006084,0.0,0.0,0.1427058205450866,0.253436458186385,0.0,0.0,0.193196183914148,-0.7302845970180283,0.76418812877821,0.0979397743737211,0.1512751658318118,0.3043514212710097,-0.0955288654320431,0.5252002001768148,0.1916492427022118,-0.0876777484041818,-0.1300899669448396,-0.460076332345341,0.2660476114319152,4.355831864494099,2.6049193222932767,4.837804691679296
W0825,6,0.0,0.0,0.558150981897491,0.0,0.0,0.0,0.0,0.0,0.0,0.0,0.1991771399675997,0.0,0.3493243893690381,0.2053454328839811,0.0,0.1395527475688355,0.48365857220308,0.3385412138888509,1.0867445752263274,0.2325556098276436,0.2412877061183669,0.2393442380697309,0.3920588219198461,0.0,0.0,0.1285144374128367,0.2851907918495818,0.0,0.0,0.146961724516772,0.0385891894623003,0.94577318640186,1.0545875023538165,0.3513319581078436,0.722268112338416,-0.012868330501468,-0.1114083227365923,-0.4918351961909916,-0.0092971967001158,1.212208936314496,0.5178583763489439,-0.4504088838650842,3.335170974552421,3.9891118118684714,3.5846868742765867
W0970,0,0.0,0.0,0.25,0.0,0.0,0.25,0.25,0.0,0.25,0.25,0.0,0.0,0.0,0.25,0.25,0.0,0.25,0.25,0.0,0.0,0.0,0.0,0.0,0.0,0.25,0.0,0.25,0.25,0.0,0.0,35.0,0.0,0.0,0.0,0.0,0.0,0.0,0.0,0.0,0.0,0.0,0.0,0.0,0.0,0.0
W0970,1,0.0,0.0,0.399132547505505,0.0,0.0,0.6548605290666382,0.1484578569725738,0.0,1.2177402896548375,0.7699904155766495,0.0,0.0,0.0,0.6822479639585136,0.8602995334548011,0.0,0.6769707641205676,1.5537375039686083,0.0,0.0,0.0,0.0,0.0,0.0,1.023048114369102,0.0,1.2376316897022728,0.956702323790608,0.0,0.0,0.7046265778878509,3.3015699601734565,1.0566188752792876,1.751862105005181,1.7527449675806357,1.1742577937255336,1.1528213199802386,0.5982910814066074,-0.4695852385227942,0.4168820419136962,0.9104271136657942,0.065738166677131,2.034049382588772,3.8975355353701846,1.822290808976173
W0970,2,0.0,0.0,0.949385723365399,0.0,0.0,0.6297375718401472,3.451160845402063,0.0,1.050815028657048,0.960730027827258,0.0,0.0,0.0,0.4460115004984631,0.4704816114759587,0.0,1.2487822107575766,1.2695689867373052,0.0,0.0,0.0,0.0,0.0,0.0,0.6213723454031561,0.0,1.0098257007901734,1.347101104146844,0.0,0.0,0.6425800403320648,1.5174409883788125,0.7935019872657956,0.4806113622372426,-0.0717260843456552,1.0964426077154887,0.2450011291779821,0.5723817554311611,-0.342347789566011,1.6113356180218998,0.2420126598872974,0.3192273462759232,1.55076646022215,3.915812077667895,2.4293029132059774
W0970,3,0.0,0.0,0.1727798420440882,0.0,0.0,0.4224029338526721,1.8952585217095976,0.0,1.0893094068751503,0.4070207010881483,0.0,0.0,0.0,0.3238401952800421,0.3006415995103264,0.0,1.8080659529923264,0.8963414331495695,0.0,0.0,0.0,0.0,0.0,0.0,0.955758765975738,0.0,0.8512571804486562,0.499427512667175,0.0,0.0,0.2817368319360704,1.8126276545299125,0.7020524223322848,0.970804387556579,0.2825137642071923,0.6269330630224439,1.664847534018988,0.7960301999078113,0.2180040079661737,0.2640465941069062,0.470486690834202,0.8235739984126893,2.046657354035341,2.9406322479368905,2.7834705899608863
W0970,4,0.0,0.0,0.8315411911563504,0.0,0.0,0.4783437271636137,2.042137457161376,0.0,0.8557859301755066,0.3110795663646852,0.0,0.0,0.0,0.3760843180657519,0.5648786962431845,0.0,0.8093396429642138,0.5732686623348264,0.0,0.0,0.0,0.0,0.0,0.0,0.569147822613644,0.0,0.6258408929398814,0.2534751481949551,0.0,0.0,0.2771151949606331,0.684758948193277,0.4741655887703215,-0.0793124086695473,0.1497581278162306,0.5769073052049976,0.366531047418591,-0.4888175237157655,-0.012007593150203,0.4403504836954742,0.1042603581876889,0.305171597515912,2.8638669695326806,2.495875323038759,3.546458813863972
W0970,5,0.0,0.0,0.8627136602395653,0.0,0.0,0.3112360700692347,1.3788731023492553,0.0,0.3297896092150578,0.5463994758026915,0.0,0.0,0.0,0.3231421329796438,0.3036583250971926,0.0,0.930789520380928,0.6448732745135505,0.0,0.0,0.0,0.0,0.0,0.0,0.4608162848629561,0.0,0.1818089258027575,0.797010525565335,0.0,0.0,0.6288427096994978,-0.2183594347601677,-0.2430521462127318,0.7877943975418682,-0.0408551654502798,-0.0526303475070494,-0.2632907454162594,-0.0455497387695807,0.1684276101841491,0.2974636080570623,-0.0976824132400366,0.0935649835032256,0.7206835893075165,1.9335877731626727,3.047063274435264
W0970,6,0.0,0.0,0.5335557148976672,0.0,0.0,0.4262979312063867,1.192543474631525,0.0,0.4506714427372031,0.0702150191826543,0.0,0.0,0.0,0.1725781775254282,0.2053089622997398,0.0,1.3927285734178154,0.4011838702341678,0.0,0.0,0.0,0.0,0.0,0.0,0.4662639962659921,0.0,0.0851523571212971,0.4003837021872945,0.0,0.0,0.1245383365015991,-0.4285480918519091,0.0489368944996067,0.0160618886647933,0.3886773382991954,0.2179298399376441,-0.216337020078501,0.9386691985571334,-0.259606073642761,0.2184181598896977,-0.0123880681998388,0.0446695982679709,2.2327078747574487,5.145086369829496,4.65435698952174
W1127,0,0.0,0.0,0.1764705882352941,0.0,0.1764705882352941,0.1764705882352941,0.0,0.1764705882352941,0.0,0.1764705882352941,0.0,0.1764705882352941,0.0,0.0,0.1764705882352941,0.0,0.0,0.1764705882352941,0.1764705882352941,0.1764705882352941,0.0,0.1764705882352941,0.0,0.1764705882352941,0.1764705882352941,0.1764705882352941,0.0,0.1764705882352941,0.1764705882352941,0.1764705882352941,35.0,0.0,0.0,0.0,0.0,0.0,0.0,0.0,0.0,0.0,0.0,0.0,0.0,0.0,0.0
W1127,1,0.0,0.0,0.5217533803361939,0.0,1.0469374560237623,0.4451165346092278,0.0,0.3670218645173671,0.0,0.4924703865125156,0.0,0.4558272628129964,0.0,0.0,0.4351785730982377,0.0,0.0,1.8533483424743071,2.0452442224506573,0.6326402907498236,0.0,0.7290309889644495,0.0,0.5071881155209829,0.7636476019018202,0.5199674878998876,0.0,0.9907026161099958,0.7515798326953683,0.3765018383037364,1.5830384298021816,4.195146723260312,0.4237465598522468,1.39491034409436,2.124509096732356,0.4154104566795558,1.971913402824124,1.2887947656923338,0.8581718132464233,1.1041568055993292,0.7145815970640718,1.1106266295727825,2.743310190965045,2.9283866680815507,2.8398785063195886
W1127,2,0.0,0.0,0.7491126948887973,0.0,1.1691724947148796,0.4130953624312127,0.0,0.1530240793138971,0.0,0.9583315420944948,0.0,0.6301010950470293,0.0,0.0,0.6599750007709989,0.0,0.0,1.4146524472746431,2.3783273323654592,0.5400495837254629,0.0,0.439729929694641,0.0,0.4169849175669331,0.9122327458417896,0.715130671995217,0.0,0.654523110545651,3.391250573802674,0.376004992939376,0.4462200754798638,1.1861254745074,0.1591847940756754,0.989759510063224,0.8609715490915942,0.3998408096705145,-0.1999202004165451,0.3674485330406631,0.1593419700233261,0.6500010967736874,-0.1750490477909378,1.6894669645776397,2.5286028056991325,3.5384067978673097,3.3127198405962783
W1127,3,0.0,0.0,0.6380669698943103,0.0,0.9820903406122662,0.4489477610117982,0.0,0.1467678718131731,0.0,0.5680580359013715,0.0,0.3424771685491303,0.0,0.0,0.5018548396209354,0.0,0.0,0.979132704296142,2.503970121827188,0.4413493259297027,0.0,0.5068146999006604,0.0,0.5198582028992563,0.2756113238652539,0.4476668453561193,0.0,0.4296247805153174,1.8732503506368965,0.47147104042388,0.3603042427138141,0.2348268249267229,0.5759545137505443,0.4610210221962087,-0.0932637236709038,-0.5038595869251202,0.265271644000316,0.1709456167881598,-1.3314087966322872,0.2901865574472095,0.575123314366544,0.6623132305288117,4.809197449517131,1.993075359120312,2.575960173660562
W1127,4,0.0,0.0,0.4307001399211557,0.0,0.4765228254931141,0.2362796203704345,0.0,0.3186760506940047,0.0,0.460539676658413,0.0,0.2042122433607788,0.0,0.0,0.4999793160738242,0.0,0.0,0.6705897746099976,1.870206617080236,0.4181254721744624,0.0,0.3306725521808011,0.0,0.3576858404318193,0.3169490417623668,0.317948542493857,0.0,0.7020324305805994,1.4399941019705265,0.3499273308254921,-0.2160841099098914,0.5556114919451757,0.4521373970165516,0.6424202213122243,-0.4541077375200221,-0.4530594799637331,0.0669691744833904,-0.3180867665122697,-0.0460994873048058,0.2055997166378945,-0.3479040469012681,1.0422103743606348,4.193694723664697,3.095811742302697,6.066695753692759
W1127,5,0.0,0.0,0.2276624567095456,0.0,0.5648736043385684,0.0891834476755593,0.0,0.1748417232599166,0.0,0.2242750464729804,0.0,0.3295697229784362,0.0,0.0,0.2622435120500546,0.0,0.0,0.4613343552487278,1.738763618279086,0.1424312436158697,0.0,0.2517648959405935,0.0,0.2559684353381037,0.4122092298109201,0.2772528542560898,0.0,0.7976602210937674,2.534735911908864,0.3240290677090903,-0.1151828086011328,-0.2477998726820892,-0.362446570580935,-0.0027000062490833,0.0940685926227028,0.3688831156890719,0.5930508969562668,0.1191300310489583,0.0079865109857507,0.0112317751187434,-0.2321639484136444,0.49231946292227,2.507292656819339,1.424536973464814,4.455680257444243
W1127,6,0.0,0.0,0.2326536242914602,0.0,0.2470186854343921,0.0909621664555299,0.0,0.2152184193579613,0.0,0.2419909297331998,0.0,0.2312557612928,0.0,0.0,0.3040541094547291,0.0,0.0,0.4561343290276781,1.2697211948066205,0.2563207193689172,0.0,0.2975477105082422,0.0,0.2411272308176038,0.2815123759087714,0.3014905125997417,0.0,0.4910144143411298,0.476491519514357,0.2607660945745589,0.1922953871062341,-0.6814843714544232,-0.7200557941298703,-0.2494675731137954,0.5584216159256146,0.0286391982741664,0.0481724020089122,0.7669277933642676,1.3111276640024148,0.6433685308594248,-0.13149750950145,0.3988262943950557,4.85489202210079,2.4157569498844413,4.121723483288832
W1286,0,0.0,0.0,0.2307692307692307,0.2307692307692307,0.0,0.2307692307692307,0.0,0.0,0.2307692307692307,0.0,0.0,0.2307692307692307,0.0,0.0,0.2307692307692307,0.0,0.2307692307692307,0.2307692307692307,0.2307692307692307,0.2307692307692307,0.2307692307692307,0.0,0.2307692307692307,0.0,0.0,0.0,0.0,0.2307692307692307,0.0,0.0,35.0,0.0,0.0,0.0,0.0,0.0,0.0,0.0,0.0,0.0,0.0,0.0,0.0,0.0,0.0
W1286,1,0.0,0.0,1.0618098114001675,1.7157509857245317,0.0,0.3756443645010405,0.0,0.0,1.7088558799562814,0.0,0.0,0.8013902604641742,0.0,0.0,0.5381507828429913,0.0,2.011158459674239,1.4217353470972625,1.7053150113779765,1.0595359498429038,0.8053366471561328,0.0,0.8733349660291871,0.0,0.0,0.0,0.0,0.8567287462997453,0.0,0.0,1.2121212405973163,2.8244738932405933,2.702568966797722,0.6451422325993865,1.384596346845815,1.349781923166074,1.701247122460961,1.7385601383825464,0.8394083500760876,0.9454442649236348,0.4235184547933426,0.0680726265103385,3.457905186525513,1.1318609062506797,2.0484641254427207
W1286,2,0.0,0.0,0.7699857299603018,1.913579215197062,0.0,0.576470584446001,0.0,0.0,1.764990028493779,0.0,0.0,0.5169643368121158,0.0,0.0,0.4642933679711909,0.0,1.9576175398532212,0.9700931925279102,1.8486967760564208,0.6992084636018849,0.7150950425319356,0.0,0.5707195655541013,0.0,0.0,0.0,0.0,1.0297313433177364,0.0,0.0,0.5848854585650842,1.3463694509517607,0.8705143830309845,0.2877715720202817,1.0321188134983157,1.0043240494648484,1.0818412527826051,1.410173015641115,0.2485016829337318,1.1088538735831723,0.9847103792001222,1.131089810257084,3.5732377259877,1.7342183770052109,2.902961375948169
W1286,3,0.0,0.0,0.471432524756306,1.9346231354008336,0.0,0.5982199793987022,0.0,0.0,1.0273897019259788,0.0,0.0,0.4105756972971818,0.0,0.0,0.4804137561809528,0.0,2.17210867920385,1.65765564197162,0.945843596700858,0.4701333531808774,0.6523347289413155,0.0,0.7188438215526238,0.0,0.0,0.0,0.0,0.8453197316003493,0.0,0.0,-0.3816885349856984,0.1679768324617913,0.4769986646581085,-0.3838763602599786,0.3097896192353099,0.1217102459654252,-0.1149542761647112,0.2435306312990734,0.0236127177059562,1.0404580659694922,0.1899945824347381,0.1176848341483544,3.469846898886226,2.36725171344373,3.815445643736457
W1286,4,0.0,0.0,0.6296292162117059,1.9585271181141144,0.0,0.4048573191660147,0.0,0.0,1.2387267457164863,0.0,0.0,0.3917906859467951,0.0,0.0,0.5767591732851158,0.0,1.8425522542448336,0.7789534422276277,1.8064256531197145,0.3743069714049626,0.5391073522003579,0.0,0.2827046778329006,0.0,0.0,0.0,0.0,0.6613521915668659,0.0,0.0,0.0104588873220002,0.3963340463658687,0.6970894827670517,0.4407112204777959,-0.1604073040215704,-0.5576593294030274,0.6712252991409342,0.8765769844345943,0.5539349278341733,-0.0848534714405551,0.071169603110415,0.3075773282865021,1.5792897258425105,2.8788436189830344,4.957077234493132
W1286,5,0.0,0.0,0.3721783606929922,1.3421532425435148,0.0,0.1871706951664176,0.0,0.0,0.64651991273087,0.0,0.0,0.2416881758324898,0.0,0.0,0.3586267813708866,0.0,1.1858669882225008,0.6015668155116125,1.2168471927248108,0.4729178720603709,0.3846548531722625,0.0,0.474034214507074,0.0,0.0,0.0,0.0,0.6625390082989188,0.0,0.0,0.4079583523365269,-0.1733345176426474,0.2893630487497869,0.3682403233439897,-0.0142126200529075,-0.0402361592226335,0.7976606979494926,0.3126473385965769,0.4696772391540487,-0.1659144307607637,0.2528827252733822,0.195827501120455,3.8609614697342,2.0651467956319456,6.748626753023251
W1286,6,0.0,0.0,0.3320093936236978,0.5526239964081625,0.0,0.2291688653850437,0.0,0.0,0.421588446284482,0.0,0.0,0.1818153765030029,0.0,0.0,0.1809818603008497,0.0,0.7962101899891354,0.6269282542774907,0.7136014452799389,0.3165654458239872,0.1819812026688252,0.0,0.4394495121462044,0.0,0.0,0.0,0.0,0.4269819404284241,0.0,0.0,-0.6610322805017628,-0.1107682241127146,0.564611419968201,-0.0577901944087779,0.361157146811871,-0.7469490005695385,0.0199109306598382,1.033649506747852,1.0207422480914827,0.860486608175034,-0.0571474451560979,0.7358490276193994,2.151484187382699,2.3743188077934128,2.9570129802245915
W2159,0,0.0,0.3333333333333333,0.0,0.3333333333333333,0.3333333333333333,0.3333333333333333,0.0,0.0,0.0,0.0,0.0,0.0,0.0,0.3333333333333333,0.3333333333333333,0.0,0.0,0.0,0.0,0.3333333333333333,0.3333333333333333,0.0,0.0,0.0,0.0,0.0,0.0,0.0,0.0,0.3333333333333333,35.0,0.0,0.0,0.0,0.0,0.0,0.0,0.0,0.0,0.0,0.0,0.0,0.0,0.0,0.0
W2159,1,0.0,0.3206848943594762,0.0,4.8069718090311655,2.634477710503239,0.6029372860282216,0.0,0.0,0.0,0.0,0.0,0.0,0.0,0.8565327461463073,1.0145197043436702,0.0,0.0,0.0,0.0,1.0621658015293642,0.5102395905756012,0.0,0.0,0.0,0.0,0.0,0.0,0.0,0.0,0.554212505583292,1.847082820705248,2.2770842704851564,1.74521863651257,0.740785285858824,2.331042748983512,1.0222557203441598,2.6568963457575228,1.965032524229275,0.0452836201721567,0.6551345562348335,0.9081030540407462,0.7587347315395087,1.6339834757215483,0.8787786554610679,1.3845467495065993
W2159,2,0.0,0.9686660785536452,0.0,3.2067064096964666,2.274771953896201,0.6494670035829713,0.0,0.0,0.0,0.0,0.0,0.0,0.0,0.9038499194536928,1.3765123651719329,0.0,0.0,0.0,0.0,1.1984564544610463,1.5404582913227065,0.0,0.0,0.0,0.0,0.0,0.0,0.0,0.0,0.7702253603377409,0.3153140659180127,0.7647797649995004,0.2745850860099263,-0.1680579366247195,0.8853321275891411,0.7742406103192933,0.8957790577040199,1.150032310842137,0.5678314172344411,1.0775703237025973,-0.1501884219877525,0.2579430348714365,2.671022446293183,1.770093294441994,2.2415472441472786
W2159,3,0.0,0.5436283819107881,0.0,3.400006326290907,1.9441934700951933,0.8958354646851021,0.0,0.0,0.0,0.0,0.0,0.0,0.0,1.335805082542009,1.2265595093099897,0.0,0.0,0.0,0.0,0.7439826130154992,0.7793381333838126,0.0,0.0,0.0,0.0,0.0,0.0,0.0,0.0,1.0461425733733205,0.2455407761844338,0.456606917185608,-0.2987004597113893,-0.1108112459142641,0.2033816030602575,-0.0745594662531273,0.7241235403084817,0.101885292346675,0.0688366541845864,0.3406717853292099,0.62767611928326,0.7197065370023943,2.2147101489441807,2.4714381708030912,2.51278783223926
W2159,4,0.0,0.4843889646979629,0.0,3.057826870921774,1.6400447124934314,0.4191013078347791,0.0,0.0,0.0,0.0,0.0,0.0,0.0,0.3797473394823776,0.7258452488677328,0.0,0.0,0.0,0.0,0.7868941094203196,0.7086200031057571,0.0,0.0,0.0,0.0,0.0,0.0,0.0,0.0,0.903159362430323,-0.0632180540484423,0.225814491636948,0.0076424058970544,0.3689976792900328,0.4138132242988979,-0.1851765331054062,0.8464183602224793,-0.0975731985802121,0.3049313221531821,-0.6492186710941019,0.3193761045497643,0.58228772895216,3.352649327024141,3.38266820551814,3.758896870086209
W2159,5,0.0,0.5829526389670399,0.0,2.2138592954010576,0.878495922403854,0.3369023630353404,0.0,0.0,0.0,0.0,0.0,0.0,0.0,0.3433220393077784,0.5718789459834024,0.0,0.0,0.0,0.0,0.6199670188629065,0.9152271383580832,0.0,0.0,0.0,0.0,0.0,0.0,0.0,0.0,0.5733311609304281,-0.7209382165110607,0.2200840367653901,0.2469836142262904,0.3616568786485256,-0.4981012367474457,-0.1840583882885,-0.4214856455424752,0.1235406326931958,0.4943209725428098,0.4080151893748288,0.8301841730824022,0.2596610195162881,3.398764599941589,3.210813044739296,3.820681104066426
W2159,6,0.0,0.3447708880748577,0.0,1.527266129889423,1.1745498189732388,0.4101011784388549,0.0,0.0,0.0,0.0,0.0,0.0,0.0,0.355032385470238,0.6818851244937205,0.0,0.0,0.0,0.0,0.4453352460087653,0.5452093388807878,0.0,0.0,0.0,0.0,0.0,0.0,0.0,0.0,0.3766317963140674,-0.0744902870800562,-0.5807990264274839,0.5270836247285142,0.0167959210677986,-0.145787488292297,0.5211279996138284,0.2787121300757085,-0.668085935243644,-0.7266970995853541,-0.1873142314621142,0.4458105095736765,0.1227379317542151,1.0071478353881538,3.652715831570678,3.818582854746314
W2160,0,0.0,0.1666666666666666,0.0,0.1666666666666666,0.1666666666666666,0.1666666666666666,0.0,0.0,0.0,0.0,0.0,0.0,0.1666666666666666,0.0,0.1666666666666666,0.1666666666666666,0.0,0.1666666666666666,0.1666666666666666,0.1666666666666666,0.1666666666666666,0.1666666666666666,0.0,0.1666666666666666,0.1666666666666666,0.1666666666666666,0.0,0.1666666666666666,0.1666666666666666,0.1666666666666666,35.0,0.0,0.0,0.0,0.0,0.0,0.0,0.0,0.0,0.0,0.0,0.0,0.0,0.0,0.0
W2160,1,0.0,0.4249637080366325,0.0,1.767836349645464,0.6110506035434303,0.3884393812684852,0.0,0.0,0.0,0.0,0.0,0.0,1.6820573546463302,0.0,0.5471470297383274,0.8933720175093884,0.0,1.2768648461047274,1.2308947396980896,0.4233364762745382,0.4634931501977353,0.6053884859354273,0.0,0.4050999533936822,0.3966730908855697,0.510172305696361,0.0,0.4457098620108879,1.5363355521226976,0.3521539307700088,1.4108897021561333,2.625763747345584,1.0318298151603766,0.7671964331837264,2.2162495564185707,1.338279082041951,1.5954425904497709,1.5677005523278804,-0.2460248018845443,0.3565189615892259,0.5084339214503636,0.4446277152778561,5.247350956207472,3.119734827418477,1.079221913911713
W2160,2,0.0,0.6117763061964017,0.0,0.6476516756675925,1.0170018660201905,0.3908032207599641,0.0,0.0,0.0,0.0,0.0,0.0,0.8564436062346624,0.0,0.3854811579030361,0.9810919413407674,0.0,1.163181084189307,2.0185442869734183,0.5584080203553761,0.5983239024595014,0.5508037848708092,0.0,0.4216564266471642,0.5271898773794682,0.3070117783934169,0.0,0.7883918598933194,1.396250002711438,0.2663789742330027,0.5203555278649451,0.4557035148700973,0.2983926002047619,0.0988269885079724,0.2027606671722035,0.3375472609213743,1.166341211820045,0.3159320628552599,-0.2449636768077999,-0.1551489175742673,0.7760536653930503,-0.2817737706122989,5.481499881390361,2.4208478056387093,2.2128415688776983
W2160,3,0.0,0.2307579453371166,0.0,0.7258183743565865,0.4841735149118991,0.2072583648520149,0.0,0.0,0.0,0.0,0.0,0.0,1.2749611954117763,0.0,0.4852965151081838,0.4404393320157269,0.0,0.9750161291357408,1.4563146185198808,0.3319695624069377,0.2161084525618674,0.3679278191296906,0.0,0.3271082824109926,0.6837785935184635,0.389847634067186,0.0,0.7830803388640399,1.749398068020113,0.267156054288142,0.6608650750840751,-0.3982807748890917,0.6460033786297059,0.4030714223705143,0.5323451912400305,-0.3030003722702655,0.7058669768746969,0.1683032088776611,0.4100029424850144,0.4781883978205562,0.2870870150342119,0.574125210363026,5.0671660647458205,4.500265478826773,0.5161201638896626
W2160,4,0.0,0.1606936985307162,0.0,1.5292212177094004,0.7226464010516674,0.2824820147484491,0.0,0.0,0.0,0.0,0.0,0.0,1.3285417002082789,0.0,0.3721689331626882,0.6022785355280276,0.0,0.5248726240317734,1.696733696323346,0.3569134432732608,0.370665309101338,0.435065883558696,0.0,0.2111826909128272,0.5757759283665246,0.3584955026036603,0.0,0.546930781386198,0.9573851456004924,0.1049788569222937,-0.1208522916410224,-0.0102791099328249,-0.3910512370621347,0.2274990199345913,0.144635883583568,0.0178919680669644,0.5598952577432728,-0.3056250736494297,0.8374734197984544,0.1337383712181973,0.5322482555468571,0.8887875028973802,4.456510945899878,2.6306547403983203,3.5061745177104773
W2160,5,0.0,0.3385449164096947,0.0,0.8915703916853432,0.6072304686675545,0.1120137037773582,0.0,0.0,0.0,0.0,0.0,0.0,0.5827529059114852,0.0,0.2282272475340988,0.421335450351795,0.0,0.2784956659195736,0.6394419093373125,0.2940048767574969,0.4360502189513149,0.166709980295666,0.0,0.0894089297926339,0.3151584072790284,0.1029136515068412,0.0,0.637021862104316,1.0651008339654915,0.1197065484281362,-0.54952139678065,0.2130823956669142,-0.097197849017141,-0.5516442440392896,0.077434705775472,-0.5061198691850942,0.2291585415768178,0.5618941151158399,-0.0986735879728229,0.0189375736924217,0.1288448254771382,0.3332477853772491,4.786754782108664,2.0820374088270133,4.423146686978498
W2160,6,0.0,0.1336903811437307,0.0,0.7795602788072549,0.4342759552533206,0.2052441363472533,0.0,0.0,0.0,0.0,0.0,0.0,0.5998148122065858,0.0,0.125616882439654,0.308515263587761,0.0,0.198256041164782,1.3063863345683768,0.1958283195677811,0.1870619469669712,0.1349145880274187,0.0,0.1136836204359318,0.3193759045982812,0.2620253996029618,0.0,0.43751250051272,0.5879938561132823,0.1821683273824833,0.0634746288437335,-0.0742132728630887,-0.3504817136819841,0.0690537564891866,0.1995572722690893,-0.5232461868705466,-0.2859368334186241,-0.1089761193051288,0.2364907105623683,-0.7070436703612053,-0.1973207149691634,0.039059853828915,5.524585951495508,2.765465365286876,2.342693127789317
W2368,0,0.0,0.1666666666666666,0.1666666666666666,0.0,0.0,0.1666666666666666,0.0,0.1666666666666666,0.0,0.1666666666666666,0.1666666666666666,0.1666666666666666,0.1666666666666666,0.1666666666666666,0.0,0.1666666666666666,0.0,0.0,0.0,0.1666666666666666,0.1666666666666666,0.1666666666666666,0.1666666666666666,0.0,0.1666666666666666,0.1666666666666666,0.1666666666666666,0.1666666666666666,0.0,0.0,35.0,0.0,0.0,0.0,0.0,0.0,0.0,0.0,0.0,0.0,0.0,0.0,0.0,0.0,0.0
W2368,1,0.0,0.4621507201502227,0.6195146177972111,0.0,0.0,0.2829070462844429,0.0,0.4289935749529222,0.0,0.7753198823817229,0.6316438972217486,0.4278440103666444,1.3852586817559152,0.3653635330379917,0.0,1.212810658338458,0.0,0.0,0.0,0.5040504253497984,0.9050270633164292,0.3751648493009497,0.8472538430050995,0.0,0.6845817379348361,0.4057179033603803,0.940359432660246,0.3746917200819784,0.0,0.0,1.0313107220260624,1.2506250505277232,2.096276413242688,1.5380721316512862,1.951532377011812,0.5844374711475946,1.227044774818379,0.9460862113113242,0.4626719746138822,0.1385518609969105,0.9889279323453226,0.5025231168252332,4.728740597746143,1.890527250112859,-0.0624117014760188
W2368,2,0.0,0.6703535533300238,0.8265065122691844,0.0,0.0,0.2738063299481795,0.0,0.2701123333702242,0.0,0.6783981629275863,0.2570565027349386,0.3182180700325911,1.632285860822619,0.2757674072822698,0.0,0.8510255990580204,0.0,0.0,0.0,0.4362330250904179,0.3895304619381237,0.7812794437890046,1.0650589840270992,0.0,0.6588589232945131,0.6115993069296402,0.7355298842385856,0.790635434346834,0.0,0.0,0.5119329778765501,2.3007685730612177,0.2520460778486262,1.4744346505480947,1.4178085885728646,1.1811488066768223,1.716385659388509,0.0775609608441098,-0.4865126306044962,0.004330331329311,0.0172045492492964,0.1751700727625586,4.083726014645288,3.0555061497185623,3.499016382606972
W2368,3,0.0,0.6177758229454207,0.5894977775132991,0.0,0.0,0.4155222851887497,0.0,0.292781383036399,0.0,0.7180531199034066,0.1477426023726276,0.4909280835787423,1.6424260458703834,0.1371679794664561,0.0,0.6490755350604069,0.0,0.0,0.0,0.6796404751607453,0.7231727458329438,0.9209065316543944,1.3671286947466614,0.0,0.590933305222123,0.5329867840364051,0.3956152860689005,0.9237979177047494,0.0,0.0,0.1353741669932006,1.414008040937501,0.0155776134425918,0.8558089366274845,1.1725938620351524,1.120067915935651,0.5234336727432698,1.0477424931376138,-0.2503783976607314,0.220831282431431,0.3557255208953547,0.399086624485504,3.416061205082154,3.459723120462682,4.3703424185435455
W2368,4,0.0,0.4756357541648078,0.606274035203576,0.0,0.0,0.350726235039503,0.0,0.2681860214392323,0.0,0.3352100887874008,0.2511188852424276,0.3589726003545886,0.7038788821384889,0.208158724645606,0.0,0.7293012806835087,0.0,0.0,0.0,0.070652486359342,0.6617359882461573,0.4658769618340336,0.943693296937854,0.0,0.4478852207431235,0.4157338875644509,0.5290999122530547,0.5627017054768972,0.0,0.0,0.2623672848919107,0.823786465134781,0.5605881884791675,-0.0062174038239334,0.5328311766834408,-0.3883183882161972,0.3483453493874827,0.1358136570671637,0.5338221139824619,1.4193196251593991,1.099076211382228,-0.0700248461073466,4.580644487386127,3.495757743881261,4.58233665723004
W2368,5,0.0,0.4132403367406863,0.3690302937956399,0.0,0.0,0.2208481973029173,0.0,0.1157252747907617,0.0,0.1275934986493765,0.1631171032750666,0.2307089578746654,1.069375401334046,0.1364881045356676,0.0,0.5559137208448702,0.0,0.0,0.0,0.3750802047013084,0.4279039805853587,0.5305688021883254,0.7176070496864558,0.0,0.2637223908157835,0.2403394849594914,0.4007575353127835,0.9213584858239584,0.0,0.0,0.3187463348996306,-0.0486840093114798,0.9530052284296198,-0.1866326077992024,0.6917922413508026,0.5109943091686315,0.4441294426945043,0.5718943347008582,-0.1464930225713988,-0.2239434684120098,0.2533473959079723,0.0543880158634815,4.565250591889619,2.507494729181068,4.483571925440563
W2368,6,0.0,0.2380873025770412,0.3852145996228674,0.0,0.0,0.3530608696428653,0.0,0.1577101881815373,0.0,0.1875306912583403,0.1419924921714468,0.3384514413473694,0.4907227065787743,0.1282960770762485,0.0,0.3680965072596586,0.0,0.0,0.0,0.142859765841606,0.2282369341166043,0.3335778333978211,0.4298621594942507,0.0,0.4489417591831228,0.4548188851387846,0.2157571715986492,0.7248864756840941,0.0,0.0,-0.2023412526027887,0.7801494853144928,-0.8160763401871785,0.5657824325192319,0.10902738444999,-0.0036923043196607,0.919004640012135,-0.0018733291820374,-0.0042548636512007,0.406556731696868,0.5827159730964007,0.7419897395388783,3.4661105488604296,3.089226424058492,4.794534649381628
W2415,0,0.0,0.1875,0.1875,0.0,0.0,0.1875,0.1875,0.1875,0.0,0.1875,0.1875,0.1875,0.0,0.1875,0.1875,0.1875,0.0,0.0,0.1875,0.0,0.0,0.0,0.1875,0.0,0.1875,0.1875,0.1875,0.0,0.0,0.0,35.0,0.0,0.0,0.0,0.0,0.0,0.0,0.0,0.0,0.0,0.0,0.0,0.0,0.0,0.0
W2415,1,0.0,0.3231239366253084,0.5179060658564305,0.0,0.0,0.3651351176461149,1.2535297222146309,0.2215190121741153,0.0,0.8405705333254372,0.4759437409107161,0.3485134796998556,0.0,0.3179741854836259,0.3327760703231279,2.0940391917780965,0.0,0.0,1.924921758736039,0.0,0.0,0.0,1.0944801801989832,0.0,1.0758844573663546,0.6443033512359488,1.441505113328862,0.0,0.0,0.0,1.2675513991855436,3.9317721053026258,3.087680518042955,1.0088718469607905,2.154663004425609,0.305616602945582,1.941747347216583,1.4463493276867414,0.2152400367087188,0.4383148975569863,-0.0403452747547068,0.9688507813144208,5.424422875238514,1.4324139256055757,1.088966230653844
W2415,2,0.0,0.5613781516390143,0.6827896905387411,0.0,0.0,0.3581283955047544,2.932543381859397,0.4638425953040538,0.0,0.96865038522594,0.5617524622975915,0.7173718847352961,0.0,0.5403113156414399,0.5943585642924404,1.253344109468248,0.0,0.0,2.0762491688055484,0.0,0.0,0.0,0.5431554726168301,0.0,0.4951917387506758,0.5059408179819259,1.3072042783216342,0.0,0.0,0.0,0.690865790512033,1.900804449805736,0.9170118004716112,1.3915780183523392,1.915344195494381,0.2838037768354446,1.045459496724806,0.2822632452387418,-0.0069272185208701,-0.4131194896516762,0.697821362270654,1.3652123645365426,4.306516752033128,3.066770771515276,2.674642104886577
W2415,3,0.0,0.6357996372688933,0.6109916719315367,0.0,0.0,0.5365831843983707,1.4026902113517443,0.0013785509113139,0.0,0.7294306560508521,0.4164996212454992,0.3308068593780956,0.0,0.203111797899413,0.4338562699967009,0.7157555422710739,0.0,0.0,2.5907957183145083,0.0,0.0,0.0,0.4492573974203847,0.0,0.7806337601936698,0.5419977870314441,0.3872900218327951,0.0,0.0,0.0,0.157193280922623,1.265661469240516,0.4978472536730514,-0.2108881879183962,0.1463459059557355,0.0839302678427829,0.6429637618365813,-0.1197210856283412,0.0363408227975587,-0.2331142816668126,0.3562810211886571,0.4721076356431985,4.989217652515934,2.1389671573152147,3.6186044911010975
W2415,4,0.0,0.2093149258341474,0.4805299772939728,0.0,0.0,0.5982819344484629,2.3098576782970537,0.275187738856443,0.0,0.4229368760067275,0.2308562751994298,0.2285139354259818,0.0,0.2775830533644525,0.5472043474865488,0.7954889024900078,0.0,0.0,1.3689766209782026,0.0,0.0,0.0,0.5459121348248744,0.0,0.560224308132839,0.6130685151338401,0.5471334437916847,0.0,0.0,0.0,-0.2812071331824406,0.716721611536172,-0.2080428097684299,0.618416371880525,1.3979547967513857,-0.1178814956738311,0.8070112928426866,-0.2614217156479536,0.0366793545986819,0.0183279357942404,0.3953230237314533,0.6266714657363561,4.399207299082096,2.893764699945877,2.9989252875867267
W2415,5,0.0,0.4611187817874632,0.5709779715393076,0.0,0.0,0.1220920613692823,1.8369367002907355,0.208263135355479,0.0,0.2214264414019749,0.16215019714581,0.3416176647569368,0.0,0.2198940701953099,0.2350345423733924,0.7705178112605235,0.0,0.0,1.838230522055993,0.0,0.0,0.0,0.4907825063690019,0.0,0.2859218683144341,0.4388876823800356,0.5254777887540077,0.0,0.0,0.0,-0.13477806052194,-0.4066953995418444,0.5737735456740847,0.7618979037033198,-0.1363117827655294,0.0572599476526134,0.0552481117926233,-0.4015157166274156,-0.028807458880527,-0.1027945953625294,0.6129308699716789,-0.3918089139929012,3.786651744225785,3.089618884525172,4.3409499636613305
W2415,6,0.0,0.297293403811369,0.3528873226748598,0.0,0.0,0.1129183190550332,1.0968147139553328,0.1764246634511488,0.0,0.1738372251936649,0.1628997071959104,0.2929688913631491,0.0,0.2425066447086123,0.1937382430715387,0.2303224755032295,0.0,0.0,1.640367173810617,0.0,0.0,0.0,0.3615869317536218,0.0,0.5916388826169237,0.3087364906458349,0.1703431920641296,0.0,0.0,0.0,-0.2779837038929812,-0.2156391540149511,0.1638205574413679,0.0481883999634973,0.715376864160415,0.2116731149619419,-0.0576255284427505,0.3581405471768183,-0.6175310543604147,0.8896871236496653,0.2472886761589902,0.382960580709572,2.81231314409085,2.5379389634127225,5.154644702560167
W2975,0,0.2,0.0,0.0,0.0,0.0,0.0,0.0,0.0,0.2,0.2,0.2,0.0,0.0,0.2,0.0,0.0,0.2,0.0,0.2,0.2,0.2,0.2,0.2,0.2,0.0,0.0,0.2,0.2,0.2,0.0,35.0,0.0,0.0,0.0,0.0,0.0,0.0,0.0,0.0,0.0,0.0,0.0,0.0,0.0,0.0
W2975,1,1.558046755273486,0.0,0.0,0.0,0.0,0.0,0.0,0.0,1.110436020791061,0.7610582940116437,0.270643755154187,0.0,0.0,0.199500242964399,0.0,0.0,1.6020462194398897,0.0,1.8742497785022003,0.4770493596164342,0.665353136912713,0.5779648297793979,1.1182616159026564,0.3163246456694196,0.0,0.0,1.1960486001699255,0.6591812221522824,1.0123339467967445,0.0,1.213718119469361,1.6124391760545638,2.2519956375777044,1.783755623563776,1.959703534214811,1.2198864378260763,2.3039378534966515,1.3616050075823434,0.0351972276758535,0.8458039432225748,-0.0411309194003817,0.0335912739544586,1.6087903696836618,1.5378765319263523,2.869281502884142
W2975,2,0.5186128630340234,0.0,0.0,0.0,0.0,0.0,0.0,0.0,0.9184918422559828,0.502493781679008,0.2659628769163983,0.0,0.0,0.3776378765096481,0.0,0.0,2.5139091734155485,0.0,2.1145952849152123,0.418225271134363,0.632753210057349,0.3036426045128323,0.6991524393147432,0.4037462087302838,0.0,0.0,1.1729079507169573,0.807694285228266,1.6037560520768128,0.0,-0.6354588726403457,1.1434450038468411,1.8720241445384684,0.5260840725152598,0.597632469322708,0.3416417851174456,-0.3095258961143516,1.0409955256326584,-0.257653774237531,1.048557320695619,-0.3236348529456332,1.6036373557125414,2.021824374645666,2.697384106360055,2.594497309850112
W2975,3,0.8069217438176985,0.0,0.0,0.0,0.0,0.0,0.0,0.0,0.5109816788963476,0.248329416385844,0.383398059636574,0.0,0.0,0.2402225292277783,0.0,0.0,2.211104925457107,0.0,2.800025373845892,0.5131057805170319,0.5967610853871655,0.6416224072541522,0.5733248639239674,0.3502118699677428,0.0,0.0,0.2522588002136192,0.4927136936597543,1.9068269551677104,0.0,-0.1560248385229176,1.738483380962302,0.6795078775344775,0.7400904376471222,0.6701002734967244,-0.3115280827998529,0.8380232575790674,1.091173638047065,0.3445799902810852,0.6542506812084563,0.3145449026789785,1.6593350270234524,2.348312875305119,2.100798608543465,5.692244342170479
W2975,4,0.5634131626183962,0.0,0.0,0.0,0.0,0.0,0.0,0.0,0.2500371507200501,0.3194074552139334,0.3668902841710447,0.0,0.0,0.2500987094582277,0.0,0.0,1.1684988559809175,0.0,1.4154686144551714,0.4535284971849891,0.5678214700343553,0.416655581366445,0.8472873458420578,0.2556747897332437,0.0,0.0,0.4470447847924338,0.4208256521534388,2.7681162264044223,0.0,-0.3978214215927949,-0.0398802559515288,1.0902214700018522,0.7373262536780314,0.194820586138717,-0.2123166687191059,0.2868709662934223,0.1606465208244752,-0.1017132161789845,-0.5022573693053664,0.1684039483831931,0.6205071124970897,2.5028375055350383,1.506369431977158,2.78325613346345
W2975,5,0.4435164932036661,0.0,0.0,0.0,0.0,0.0,0.0,0.0,0.5168888447522524,0.3317863281149456,0.2224500412103352,0.0,0.0,0.1886941204336835,0.0,0.0,0.2916922641141762,0.0,1.9166149158781964,0.3279108758510433,0.4658198242371084,0.3424948635593986,0.6462677352741432,0.2790112462386437,0.0,0.0,0.275514132016403,0.5775186595713717,1.509018711165816,0.0,0.1484608552845441,0.804351249664027,0.2883719302179038,0.2720441040789638,0.178522467573541,-0.1594583153041207,-0.3388106496858244,0.140684164102199,0.3039417409098476,-0.4421131040407184,-0.5577991383177034,0.0422882320228159,1.781220560948907,2.1341447955253163,1.7441703048840478
W2975,6,0.4717478190187819,0.0,0.0,0.0,0.0,0.0,0.0,0.0,0.5480052540128496,0.0911918864043601,0.1455449803841884,0.0,0.0,0.225361257915507,0.0,0.0,0.5462937932214802,0.0,1.2864310252489417,0.2267828294918878,0.2592775500803755,0.2973383689258977,0.2557933859697844,0.1000514152945198,0.0,0.0,0.2775468807072546,0.2796822708168845,1.0698155048251914,0.0,0.5263838853606381,0.1656033896339793,0.2638484218291524,-0.0459157644216912,0.5239944010107089,-0.3657693895709584,-0.1336109532977666,-0.0123759982201517,-0.6615964832073327,0.1079261998309157,-0.3219089500697457,0.0928117704063307,2.586054223850911,3.5331982771727013,5.214795804032948
W3026,0,0.2142857142857142,0.0,0.0,0.0,0.0,0.0,0.2142857142857142,0.0,0.2142857142857142,0.2142857142857142,0.0,0.0,0.2142857142857142,0.2142857142857142,0.2142857142857142,0.0,0.2142857142857142,0.0,0.2142857142857142,0.0,0.0,0.2142857142857142,0.2142857142857142,0.0,0.2142857142857142,0.2142857142857142,0.2142857142857142,0.0,0.0,0.0,35.0,0.0,0.0,0.0,0.0,0.0,0.0,0.0,0.0,0.0,0.0,0.0,0.0,0.0,0.0
W3026,1,0.7669044286462935,0.0,0.0,0.0,0.0,0.0,1.6345506078202432,0.0,0.6286192086546392,0.871756798019178,0.0,0.0,1.156359432186349,0.6734478665327615,0.7294229070319898,0.0,1.764247039993649,0.0,0.8285736962094086,0.0,0.0,0.2631523338460773,0.6211483951471329,0.0,0.4971159254887707,0.2296334267426009,0.5815399529687528,0.0,0.0,0.0,0.4067714212859131,2.5116127032830264,1.081520575173102,2.396039722877973,0.4713738604690969,1.4286067633712924,1.8734094444795784,1.3445923312363277,0.8427422746097222,0.6639250847886159,1.0873386322849568,0.8476146986290822,2.317252104631045,2.836842277637361,2.598638949096257
W3026,2,0.7322219498643251,0.0,0.0,0.0,0.0,0.0,1.548604055047864,0.0,1.051910398796578,0.7426642931281483,0.0,0.0,0.8737361604596638,0.3089060046131121,0.3449274177785129,0.0,1.4761469897395616,0.0,0.97897132476659,0.0,0.0,1.0336856593928714,0.4254718900745931,0.0,0.7541649510016938,0.5418504622757031,0.5798759090760041,0.0,0.0,0.0,-0.2961694757523864,2.689762294627243,1.391395029646041,0.8534399122339613,1.2560322883403998,0.0409518378375853,-0.1231851074321488,1.2981518694057086,0.6738618098643994,-0.4601606090715719,1.0519030991638032,0.7824404732228141,3.421102262064692,2.690183440972935,4.725198193610567
W3026,3,1.1916443494522375,0.0,0.0,0.0,0.0,0.0,1.6917107870268937,0.0,1.01337977009532,0.5786702163308536,0.0,0.0,1.54683529801814,0.3018141672638279,0.3799539668484145,0.0,1.1802003176738542,0.0,1.5209283371790163,0.0,0.0,0.3980092132140842,1.159300584287553,0.0,0.4689628030211173,0.3662040149156974,0.4607803081215336,0.0,0.0,0.0,0.210688567622967,1.4697526371964107,0.4448329110908881,0.4720520582618761,0.5111616857665093,0.4421420721806017,-0.7961489227788985,0.7281486115529612,0.3877476115169141,0.2816597398997004,0.3649079038227014,-0.4067593253767205,2.921044686288996,1.588227980384874,4.396710584679303
W3026,4,0.6900679422542078,0.0,0.0,0.0,0.0,0.0,1.5905097626750828,0.0,0.5633005990546476,0.4355794734880012,0.0,0.0,0.883972810481834,0.2346540772584835,0.1089149297071385,0.0,1.2888036430317087,0.0,1.6329814614006986,0.0,0.0,0.3018377224196208,0.4538235382135281,0.0,0.6886366502299391,0.2850241993354181,0.4956628459174396,0.0,0.0,0.0,-0.583641432928933,0.1985756936822381,0.4057105918421539,1.3300131311324943,-0.6326884507783526,-0.6650706965285339,-0.3292084699942872,0.0628774940487222,0.0332328922929006,-0.2385525447343729,0.9426678581882528,-0.3313027903843941,1.3764753016781512,1.9984822801474984,5.399874531784144
W3026,5,0.4695502490714301,0.0,0.0,0.0,0.0,0.0,0.7043221074116541,0.0,0.2670753434375011,0.272374109292214,0.0,0.0,0.6022676423671206,0.1921550716796855,0.1247812368990477,0.0,0.7507696904462047,0.0,1.182543847352702,0.0,0.0,0.4716786226093197,0.3850286208141267,0.0,0.3505480041108015,0.2249186477490258,0.3786911021236652,0.0,0.0,0.0,-0.8012078288154494,0.4681539093248225,0.2654183671296378,0.161615947783752,-0.3297535118254218,-0.4789318537195154,-0.0332512471423125,-0.0964586941493895,-0.1725324923432289,0.952425732849293,-0.1312572803312505,0.0838941311116785,3.243306915471095,1.798411815431827,4.821484874278876
W3026,6,0.4269807824761301,0.0,0.0,0.0,0.0,0.0,1.2825530975822803,0.0,0.3499972459747279,0.3068439191973848,0.0,0.0,0.4183524081790748,0.1689896587127568,0.1666815786624181,0.0,0.4992864989040867,0.0,0.3682985697959205,0.0,0.0,0.2238445753799314,0.4653614968627681,0.0,0.2549522079968417,0.2607803348606932,0.2793271539039246,0.0,0.0,0.0,0.1371027680276395,-0.1379438967848949,0.3230957211909047,1.3201460568721328,-0.7604854422769427,0.3898555800980795,0.8543795706558459,0.1657758450036517,0.4842468228743792,-0.3587557254366972,0.1026368988071422,0.271131259920372,2.2610562860142607,3.7073081208705534,4.558211905224293
W3144,0,0.25,0.0,0.0,0.0,0.0,0.25,0.25,0.25,0.25,0.0,0.25,0.25,0.0,0.0,0.25,0.0,0.0,0.25,0.0,0.0,0.0,0.25,0.0,0.0,0.0,0.25,0.25,0.0,0.0,0.0,35.0,0.0,0.0,0.0,0.0,0.0,0.0,0.0,0.0,0.0,0.0,0.0,0.0,0.0,0.0
W3144,1,1.2762586388918546,0.0,0.0,0.0,0.0,0.4867509056184886,2.6861851468224813,0.0739604752547176,1.491023462357865,0.0,1.0044769501059212,0.8241574484125205,0.0,0.0,0.381894714132407,0.0,0.0,2.3942613696851347,0.0,0.0,0.0,0.7159235746734334,0.0,0.0,0.0,0.5548030882412287,1.587687735731708,0.0,0.0,0.0,0.0816724271312829,3.0841911299530977,2.499729244348156,1.941036740046928,0.7169388217545668,1.1557001957232278,1.282665192046276,1.2569292767061917,1.017280138625461,0.4219736908691859,0.6448274237536021,0.2627222666713727,2.865968133240818,4.706409988089058,2.4763117520910902
W3144,2,0.9496993405645464,0.0,0.0,0.0,0.0,0.4758037915703734,2.678759069405026,0.5599709896525891,1.2197156498671753,0.0,0.5616824611122557,0.6164238313596411,0.0,0.0,0.7825070208769257,0.0,0.0,1.5444589191025155,0.0,0.0,0.0,1.1625926770205364,0.0,0.0,0.0,0.6309875125937078,1.3006191195906924,0.0,0.0,0.0,0.3894492151027208,1.6707312353442956,0.6963942040313451,1.9159067361852515,1.1616431199159685,0.5638172794627654,0.2564152074123113,0.0190872330743084,1.3520772233135017,0.6377894878486614,0.5056838647712906,1.2646644541022731,1.2511239651278414,4.087635479778654,2.928538546930147
W3144,3,1.8387062692551936,0.0,0.0,0.0,0.0,0.7363069543750926,3.153901102881439,0.3221469498408172,1.22515896524274,0.0,0.5174319476951327,0.4242618397314911,0.0,0.0,0.6023885800958864,0.0,0.0,1.2985111502564668,0.0,0.0,0.0,0.3825530859733769,0.0,0.0,0.0,0.3896035141130626,0.763881355074848,0.0,0.0,0.0,0.1311325088738326,1.4269494797250597,-0.278459098226177,0.5844310047797644,1.240977561842148,-0.5202059418236433,0.4164518375815388,0.6116481752633159,0.0742215818436165,0.1453482928442534,-0.052196310522758,0.2707351264685437,4.294132588936568,4.020825445550909,2.3489290473318207
W3144,4,0.969294859802647,0.0,0.0,0.0,0.0,0.5345081438131063,2.843875372687672,0.5090329850390076,0.7711171642557055,0.0,0.5602966543804716,0.3907281877144153,0.0,0.0,0.3644658471480788,0.0,0.0,1.0996298917156435,0.0,0.0,0.0,0.5854047993660433,0.0,0.0,0.0,0.7984899716037841,0.7007397524810476,0.0,0.0,0.0,-0.4041783586936608,-0.1268117895817537,0.1957461536844306,0.6603098541164623,0.6234724460539977,-0.2721394739682664,0.2714720783653186,0.3975412558760215,-0.2370170510773083,0.0357945590481442,0.4015213994408588,0.0008913188118272,2.8701182539360963,4.530087958294367,3.673043538628928
W3144,5,0.8774069939691678,0.0,0.0,0.0,0.0,0.3686561544649328,1.3639913507993917,0.4054356887061159,0.69736991824111,0.0,0.2180083793111217,0.5637943363013154,0.0,0.0,0.3674651332642641,0.0,0.0,0.6366675800405103,0.0,0.0,0.0,0.4752253578480357,0.0,0.0,0.0,0.3325022467152792,0.5447800905642147,0.0,0.0,0.0,-0.5466468000166155,1.279788227340473,-0.0427984354848225,0.3803656355614568,0.1047747541029772,-0.6724491206800829,0.1637896554359989,1.1078266430794257,0.358366928195274,-0.2117094009301672,-0.5627696546046117,0.8148145999735836,1.9641034134337407,1.7203890894102738,2.1491929961986243
W3144,6,0.5048856605519269,0.0,0.0,0.0,0.0,0.1097964541004593,1.3957738053333697,0.3043920758119348,0.6424976147225832,0.0,0.2788829417351742,0.3552890405743899,0.0,0.0,0.2450063160768455,0.0,0.0,0.4371770908756714,0.0,0.0,0.0,0.3251622255923547,0.0,0.0,0.0,0.305381464549027,0.32527642174195,0.0,0.0,0.0,-0.2370917153645174,1.1931477857541926,0.1745663847583111,0.2167771661339301,-0.2353304367642437,-0.2857631228142552,-0.1446472063224308,-0.1684281770578953,-0.3739121306146657,-0.0397324984368577,0.1702450861428404,0.6415958528609509,1.9634484408143709,4.901342805604386,3.107403307245091
W3187,0,0.25,0.0,0.0,0.0,0.25,0.0,0.0,0.25,0.0,0.0,0.25,0.0,0.25,0.25,0.0,0.25,0.0,0.0,0.25,0.0,0.25,0.0,0.25,0.25,0.0,0.0,0.0,0.0,0.25,0.0,35.0,0.0,0.0,0.0,0.0,0.0,0.0,0.0,0.0,0.0,0.0,0.0,0.0,0.0,0.0
W3187,1,1.3518451392852997,0.0,0.0,0.0,1.097964060878167,0.0,0.0,0.388447513303733,0.0,0.0,0.5989449971336579,0.0,2.2676422698250938,0.6570862289964862,0.0,1.925589985392919,0.0,0.0,1.5300561881974764,0.0,0.8802730660309946,0.0,0.6171953568209366,0.651519733098756,0.0,0.0,0.0,0.0,1.8543992365073343,0.0,0.5765184844791569,2.664708188854699,2.233046405840561,1.6476081276792092,2.0015234728954985,0.255815595702862,1.6218403790306963,1.4024019723430534,0.7018919165324115,0.9727974921313188,0.7951791010340807,-0.2911017935367531,3.634799814045562,1.9224663878911188,2.8699646923664077
W3187,2,1.6311711389096195,0.0,0.0,0.0,1.1680779632643663,0.0,0.0,0.367348217409989,0.0,0.0,0.4643069717609506,0.0,1.874586418057289,0.5364273971925843,0.0,1.1694482059460614,0.0,0.0,3.131029466721729,0.0,0.4580873442798379,0.0,1.1232942789814078,0.6593005109391704,0.0,0.0,0.0,0.0,3.467297086590179,0.0,1.077952926878111,1.2681273563241833,1.1893518391538622,1.2003539744551113,-0.2303442371024046,-0.012544129694664,0.2660355628777908,0.927183056033834,-0.2689429180228387,-0.1943245804237721,0.772589085296176,0.4365807935331681,2.0453480270082056,1.9138367748800569,2.313575335135461
W3187,3,1.0216816599012484,0.0,0.0,0.0,1.437577773070919,0.0,0.0,0.2061097735886422,0.0,0.0,0.3914155802745389,0.0,1.991456708605128,0.3694862405469277,0.0,0.6946963056556041,0.0,0.0,2.5946929321134027,0.0,0.5287865638713766,0.0,1.0208524751636552,0.5333000536194371,0.0,0.0,0.0,0.0,2.876824844613933,0.0,-0.128398815016882,0.8319885381484824,0.8259822509661752,0.3898736166950303,-0.5057965442682397,0.2714332238769175,0.4027613594768624,0.7521688151663009,-0.6475126789950496,-0.6568795385920552,-0.1487801807663578,0.4344492238585943,3.0236676270544294,2.4998345113360187,3.8618279792459154
W3187,4,0.8950225581612065,0.0,0.0,0.0,0.9861693198198002,0.0,0.0,0.6010505440914272,0.0,0.0,0.3672065954095749,0.0,1.3938381979269527,0.3529921055635086,0.0,0.5060819424839152,0.0,0.0,2.0220190860859084,0.0,0.4160340035298023,0.0,0.8569338028885779,0.4840947514268892,0.0,0.0,0.0,0.0,1.4440300700442763,0.0,-0.0698069097868781,0.4714091546555517,0.0953167514803374,0.8613404980830062,-0.217870324896299,0.0619307181433039,-0.3234108604304327,-0.1103407703763239,0.6734890069357954,0.2707705947199192,0.1819443200526396,-0.2151264265391983,3.717589722981562,3.1061483349566155,3.270383730886773
W3187,5,1.09184852901122,0.0,0.0,0.0,0.4568121562549404,0.0,0.0,0.2155110539820547,0.0,0.0,0.2154189817089797,0.0,0.8448768103456442,0.2576899111695496,0.0,0.7588597175661158,0.0,0.0,1.8715354396272748,0.0,0.3926826247024619,0.0,0.3177513569019425,0.1988376402016727,0.0,0.0,0.0,0.0,1.5356607334910195,0.0,0.1441822502369315,0.2851891967645249,-0.2287403717152501,0.1755508600080952,0.4322947404264567,0.6816497632880537,0.5140123595606111,0.0023404370094708,0.6703672699939989,-0.0626491104312353,-0.5941851674936076,0.2316823904055229,3.13169862171595,2.3878258267477097,6.433960941994785
W3187,6,0.305136493822467,0.0,0.0,0.0,0.5192502074841331,0.0,0.0,0.3036664784682726,0.0,0.0,0.2144413948188508,0.0,0.8198283877860031,0.0625926865564867,0.0,0.5722582267779215,0.0,0.0,1.1354311921026166,0.0,0.2723402902497506,0.0,0.4291443503919512,0.141841116942802,0.0,0.0,0.0,0.0,2.003726498165733,0.0,-0.6389563083246836,0.5094785787049658,1.1499796222968643,-0.0774065063176152,0.2959459085535639,-0.0674656774925195,-0.0777136322999212,-0.416431276421229,-0.2244735493517987,0.0679855986108475,-0.3677836223046096,0.1613335476857003,5.101084164859603,2.504902688596628,3.4219216843377325
W3530,0,0.3333333333333333,0.0,0.0,0.3333333333333333,0.3333333333333333,0.0,0.0,0.0,0.0,0.0,0.0,0.0,0.3333333333333333,0.3333333333333333,0.0,0.0,0.0,0.0,0.3333333333333333,0.0,0.0,0.3333333333333333,0.0,0.0,0.0,0.3333333333333333,0.0,0.3333333333333333,0.0,0.0,35.0,0.0,0.0,0.0,0.0,0.0,0.0,0.0,0.0,0.0,0.0,0.0,0.0,0.0,0.0
W3530,1,2.9305741924173496,0.0,0.0,2.8611852355464613,2.076804860264774,0.0,0.0,0.0,0.0,0.0,0.0,0.0,1.9170363392557328,0.8265544946389428,0.0,0.0,0.0,0.0,1.8971921712555648,0.0,0.0,1.005561606149103,0.0,0.0,0.0,0.7053628997358881,0.0,0.566918009020143,0.0,0.0,1.8954126349713727,2.6234677946118223,1.1668864192957993,2.481608809301215,2.634097191419647,0.2902544378033287,1.052837416652051,1.4986501984238831,0.3704260856327117,0.2815717765539937,1.6527674418193152,-0.3826878456383347,3.737926390210357,3.0846423592171783,3.315332830448172
W3530,2,0.9167127695267824,0.0,0.0,2.139673888685239,1.9560265713371672,0.0,0.0,0.0,0.0,0.0,0.0,0.0,2.081514579441587,0.3068561732410448,0.0,0.0,0.0,0.0,2.307344102984642,0.0,0.0,0.7211456242547987,0.0,0.0,0.0,1.194582188288987,0.0,1.4037509799784458,0.0,0.0,-0.0498346999229715,1.2408204941540362,1.214610777815092,0.893256597994354,0.5586668296197923,0.6992156780035135,0.8487546933572956,0.2701554253659633,1.2013408271215542,0.5987362868555055,1.1635965696834252,0.3640788041679941,3.094144131546898,3.0427542031891006,4.442142753633498
W3530,3,1.1752650698087832,0.0,0.0,3.241082431558987,0.96868220315887,0.0,0.0,0.0,0.0,0.0,0.0,0.0,2.226066502745232,0.3292429912432588,0.0,0.0,0.0,0.0,1.2968759424589482,0.0,0.0,0.5867135703990649,0.0,0.0,0.0,0.7817126503068217,0.0,0.5311371344061814,0.0,0.0,-0.1582555777104523,0.2485132254001218,0.5823935780155974,1.1942458760708088,0.9907620021086834,0.887604482438386,0.3365104868546138,0.2018004858374896,-0.1340489779113756,-0.3593603364253616,0.4687081664828526,-0.1271069817928988,3.5913601134308086,1.5691369880190271,4.544508525587222
W3530,4,0.8866044121256621,0.0,0.0,2.343274587971946,0.9224605224157696,0.0,0.0,0.0,0.0,0.0,0.0,0.0,1.397419977530017,0.358730359899637,0.0,0.0,0.0,0.0,1.9903210923817252,0.0,0.0,0.7004371414914357,0.0,0.0,0.0,0.3793579004440422,0.0,0.3467907467922756,0.0,0.0,0.0493259038324944,0.2510003684209366,0.2871511291995153,0.330697711990482,0.408477887099726,0.1780894718926597,-0.5882891256341346,-0.1978683137878475,-0.3985185512482044,0.7680934785413636,1.2878395635747413,-0.0638037733718497,2.7867654718825063,1.664394428537127,5.972815098332458
W3530,5,0.7639939957194737,0.0,0.0,1.254114891392856,0.7083560743138387,0.0,0.0,0.0,0.0,0.0,0.0,0.0,0.8271959488794796,0.2394223001152402,0.0,0.0,0.0,0.0,1.738744140701192,0.0,0.0,0.4524755626306838,0.0,0.0,0.0,0.6590434394114537,0.0,0.6556318662827405,0.0,0.0,0.1532637386843484,0.4966381400096469,-0.6915094013542672,0.8613031787267381,-0.4047121339376275,-0.3681309007786807,-0.1720062304702818,0.2639719973037935,-0.4011093633637059,-0.0490625195868448,0.9031681944256936,0.4916646558377217,3.1813423411574826,2.2104573421776363,6.764002141271465
W3530,6,0.5364592325608694,0.0,0.0,0.9446309382460856,0.634904658864678,0.0,0.0,0.0,0.0,0.0,0.0,0.0,0.7382341388129346,0.1847947769269751,0.0,0.0,0.0,0.0,1.3563390400487392,0.0,0.0,0.4571380115933131,0.0,0.0,0.0,0.3321651701511114,0.0,0.5206371165252086,0.0,0.0,-0.0521953510252432,-0.044603279602505,-0.2152469905024436,0.951620814612847,-0.2159557435942569,-0.3489175368797741,0.6069165146688253,0.2407361976992724,0.4595462410983407,-0.0079924464255295,0.2961373255243621,0.3048760918610952,1.8207606450362956,2.7301407556893333,7.743292175647293
W3825,0,0.3,0.0,0.3,0.0,0.0,0.3,0.0,0.0,0.0,0.0,0.0,0.0,0.0,0.0,0.3,0.3,0.3,0.0,0.0,0.3,0.3,0.3,0.0,0.0,0.0,0.0,0.0,0.0,0.3,0.0,35.0,0.0,0.0,0.0,0.0,0.0,0.0,0.0,0.0,0.0,0.0,0.0,0.0,0.0,0.0
W3825,1,1.3227606754760957,0.0,0.9767403002768698,0.0,0.0,0.5847663251737016,0.0,0.0,0.0,0.0,0.0,0.0,0.0,0.0,0.7605687907797134,1.0334342013956717,3.127878334630143,0.0,0.0,1.024023898692725,1.1624437466892945,0.6733876515167819,0.0,0.0,0.0,0.0,0.0,0.0,2.128505465968312,0.0,1.7221643014671295,3.2118788269170166,1.272835822039505,1.7209387914053256,1.551467984815476,1.3288555408051683,1.8898297722218595,1.1815128419492635,0.4198735525607303,-0.1787481156694145,0.3742807283655127,0.0506956597778237,3.286370027916987,0.5571199415178911,2.237769186164223
W3825,2,2.3405694402421875,0.0,1.1274666959221908,0.0,0.0,0.5567040476042413,0.0,0.0,0.0,0.0,0.0,0.0,0.0,0.0,0.5329568793075247,1.860831835696388,2.2901696857177307,0.0,0.0,0.0504024480117524,1.0192141827276182,0.6637439564675482,0.0,0.0,0.0,0.0,0.0,0.0,3.098906173225074,0.0,0.391716306095281,1.2344826450747468,0.8766913151622996,2.7328185487751075,0.7467644641178746,0.0654382061053358,0.6413809814419139,1.2461391567651765,-0.229837843204385,-0.0602924241351292,0.2065526424787259,0.5789567123719666,0.9728164754198128,2.7709373871515592,2.2036050232653093
W3825,3,1.4414165774073693,0.0,0.9786504869400828,0.0,0.0,0.5756681646278008,0.0,0.0,0.0,0.0,0.0,0.0,0.0,0.0,0.4067017907422263,0.4380450220060867,1.1537957867215214,0.0,0.0,1.068820939271885,1.02863545290282,0.7407613134066575,0.0,0.0,0.0,0.0,0.0,0.0,2.7244024835034577,0.0,0.4858265146629325,0.6207182003177545,0.6550241180510274,2.1084151636275514,0.1036334363128915,0.4136440549657995,0.7694755075652193,1.4049868944347426,0.0366138113376514,-0.3477589308012239,0.106162195653525,0.6627833701824895,2.0775254725680696,4.001846805087676,2.409511734540914
W3825,4,1.3330759162082042,0.0,0.6459863816570331,0.0,0.0,0.4891332924018828,0.0,0.0,0.0,0.0,0.0,0.0,0.0,0.0,0.4941625666461161,1.2091759614460322,1.8855226210476053,0.0,0.0,0.4612465189346834,0.4099485088289533,0.5366574818054344,0.0,0.0,0.0,0.0,0.0,0.0,1.8063303245713196,0.0,0.4192825800400441,-0.1301489297995336,0.9361531969339972,0.4747077367791014,-0.6726600038587373,0.6136888669079867,0.0515617551029035,1.3724138135730182,0.5564919029631048,-0.5282528973301335,-0.2697943073881738,0.2058269752050292,3.097092144937586,2.0620048262093564,3.522037960276857
W3825,5,0.7694314199597221,0.0,0.3844435024114784,0.0,0.0,0.4026879819227382,0.0,0.0,0.0,0.0,0.0,0.0,0.0,0.0,0.289509097304065,0.6411227017977035,1.2739262683166723,0.0,0.0,0.2562117031650048,0.5042893043256127,0.3543559627864323,0.0,0.0,0.0,0.0,0.0,0.0,1.8789017914497577,0.0,0.1985734185953045,0.2163410113838826,0.2796588046758743,1.4069964799930743,0.7735395107292642,-0.2652079775974443,0.450115271081882,0.078973660111003,-0.0233589226763457,-0.1715582365075797,0.0528968475612894,0.371851390128005,2.982179060878811,1.95587409080587,1.9031372432190936
W3825,6,0.7894566496964146,0.0,0.3973260231764572,0.0,0.0,0.3136685169344156,0.0,0.0,0.0,0.0,0.0,0.0,0.0,0.0,0.132161681555644,0.6897438670517263,0.8338376369058171,0.0,0.0,0.2497535074114604,0.4379059185688278,0.4491339988903513,0.0,0.0,0.0,0.0,0.0,0.0,1.4231139080968658,0.0,-0.681656004813362,-0.0739960512021924,0.4018102979408957,0.2125190687948798,-0.1800237112709273,0.6564955058012594,-0.343395708632215,0.1643547358626307,-0.049877596037401,-0.5000000128593057,0.5261086248694677,0.1670048413489693,2.056253403471564,1.4851052725677645,4.151317395720638
W4100,0,0.1363636363636363,0.0,0.1363636363636363,0.0,0.1363636363636363,0.1363636363636363,0.1363636363636363,0.1363636363636363,0.1363636363636363,0.1363636363636363,0.1363636363636363,0.1363636363636363,0.1363636363636363,0.1363636363636363,0.1363636363636363,0.0,0.1363636363636363,0.0,0.1363636363636363,0.1363636363636363,0.1363636363636363,0.0,0.1363636363636363,0.0,0.1363636363636363,0.1363636363636363,0.1363636363636363,0.1363636363636363,0.0,0.0,35.0,0.0,0.0,0.0,0.0,0.0,0.0,0.0,0.0,0.0,0.0,0.0,0.0,0.0,0.0
W4100,1,0.762050268915593,0.0,0.2303743479494192,0.0,0.6770149450288234,0.2384534594146735,1.431863907630495,0.2197481994051539,0.7967749070885611,0.0791065596875254,0.3943743414762636,0.4617406498746216,1.3799145797505568,0.394945276228971,0.4759561608350569,0.0,1.2077655112962944,0.0,1.236662769718491,0.3444256067881634,0.2371330629233305,0.0,0.8016173783874907,0.0,0.4638896899113377,0.3538862489339604,1.169361514262398,0.3665362822208242,0.0,0.0,0.3220000917988591,1.753018107557441,1.8333489597940107,0.9971806000380627,1.0474676213047236,0.1339673650562514,1.8764221835834696,1.3464635483952931,0.1115337021164451,0.0990289475025366,-0.077821733681152,0.6817461326875598,1.6550722119790444,2.5270388914418342,2.4986788001601488
W4100,2,1.0160140061124068,0.0,0.404893945201293,0.0,0.7074467095796292,0.4443542723416216,0.9750913101119544,0.2042382048479446,0.673912780867697,0.2739248465637203,0.341187326171207,0.3169139163449859,1.2539132385247742,0.2164768231333822,0.2019992396062038,0.0,1.2423672079366184,0.0,1.070595837940469,0.5707317427663487,0.4922045596742217,0.0,0.7743444324304232,0.0,0.5321566256931688,0.3574182309599572,0.6721994682687282,0.1338503183415661,0.0,0.0,0.6437200101651543,1.4584132133596452,0.6248770821769576,0.5255250558912825,0.9434504412777678,0.0929805842426854,1.0921222129081654,0.1625200211468871,-0.1574372545065503,-0.652899541524766,0.7146171284081415,-0.2428093019751947,2.6783541680027203,3.353668622537856,4.23238777640432
W4100,3,0.56535351813745,0.0,0.5626657408211742,0.0,0.6758846589328763,0.2664262968488547,0.5157431473844643,0.3418417732119715,0.7049006655688087,0.540280205215912,0.3314926034244716,0.4544711396638099,0.988274863558914,0.279997581347254,0.2955680804309663,0.0,1.5551758086085914,0.0,1.759952164640756,0.4461575646211351,0.4234740165678363,0.0,0.3831461196608695,0.0,0.1364834179385937,0.3074301368343967,0.4900551578897668,0.6050864638792451,0.0,0.0,0.3547770105260077,0.5140554734622879,0.3586659367068582,0.0242650506598101,0.1272666883780537,0.0726649093383517,0.4614723220008359,0.8450080479054336,0.1835815393871658,-0.0276534837099451,-0.2527019951894832,0.8949594468863777,1.0911463201036544,0.920244392571152,4.906303952620307
W4100,4,0.3981102021116741,0.0,0.3061049107552394,0.0,0.5478358042051483,0.2524730406740862,1.150661848870145,0.1698461298101849,0.6173356052890674,0.1729331695147778,0.1630681275418964,0.3182171724200966,0.7839248723130122,0.1690205414650891,0.2757433732277631,0.0,0.6408069316175506,0.0,0.7836660958713937,0.2355027281484276,0.3439602320260986,0.0,0.3191158113171043,0.0,0.3181903063420344,0.2832361914402636,0.2576387751318556,0.3412388734051761,0.0,0.0,-0.2836284262456788,0.9655055666208716,0.926183999783286,0.9205510501549504,0.065846389069419,0.6959475360369489,0.2862445610103079,0.115808834245211,-0.2912301641676866,-0.0380984352573985,-0.0764432631170009,0.2275875700260698,1.3701554203204145,3.2655073732573303,7.026830753397795
W4100,5,0.2843293932413838,0.0,0.2690450659528837,0.0,0.448367130095105,0.1383032809840277,0.6615947133770683,0.2114179257774603,0.2955657739447623,0.2695915918041194,0.2525503348363871,0.1391321385968701,0.2079551309122741,0.1831939371429028,0.204765218913867,0.0,1.1762812617778713,0.0,1.1243269351737513,0.2781883085884729,0.2742459913257177,0.0,0.3754582426940217,0.0,0.3472883242624712,0.3683258016626494,0.221515097503352,0.3114913913708846,0.0,0.0,-0.3595338340824733,0.4540504782229982,-0.1574966794693256,-0.373161822633919,0.0793374074332098,-0.4614800819273642,0.9681963308171522,-0.4449332496198534,0.2397870007507306,-0.54828995055831,-0.0144761859212573,-0.4865628691443958,1.8046591895088957,1.5967886724746423,4.053515158492065
W4100,6,0.1594130788207657,0.0,0.2780363044637143,0.0,0.4648792748222254,0.1668160059000451,0.5393890748660952,0.1475086359645541,0.2334784359541936,0.1862321960774215,0.1360905624210609,0.2183262214760268,0.5242444138535237,0.1373706651745446,0.1361565011258921,0.0,0.5688166177235559,0.0,0.7259633092653918,0.1711259897833899,0.221265447033076,0.0,0.2366217932038107,0.0,0.1824495203128464,0.0949769722988296,0.1689290715170589,0.2812058704559892,0.0,0.0,-0.7753640711138978,0.0305487844114327,-0.3715644564811072,-0.0599997160830815,1.1184188719627837,-0.16778535943348,-0.7162475439939118,-0.0802830521154545,0.7364226942580624,-0.73677672577976,-0.0286463052394697,0.0570965129294877,2.142495308023097,1.3584812841630225,4.219928157186861
W4201,0,0.2307692307692307,0.0,0.2307692307692307,0.2307692307692307,0.0,0.2307692307692307,0.0,0.0,0.2307692307692307,0.0,0.2307692307692307,0.2307692307692307,0.0,0.0,0.0,0.0,0.0,0.0,0.2307692307692307,0.0,0.0,0.0,0.2307692307692307,0.2307692307692307,0.0,0.2307692307692307,0.0,0.2307692307692307,0.0,0.2307692307692307,35.0,0.0,0.0,0.0,0.0,0.0,0.0,0.0,0.0,0.0,0.0,0.0,0.0,0.0,0.0
W4201,1,1.498464250059632,0.0,0.498582835316064,1.22171639425132,0.0,0.3837653656067836,0.0,0.0,0.609634081630734,0.0,0.6267349012759007,0.7650320496201766,0.0,0.0,0.0,0.0,0.0,0.0,2.151295299783375,0.0,0.0,0.0,1.163662634891582,0.6775824806771561,0.0,0.6638830612687276,0.0,1.4583046675176252,0.0,0.7110825913817348,0.7380386061437048,2.377956686411786,2.38037490161522,0.7609123038726864,0.9893895341106916,0.8185959603862898,1.4916215894657288,1.416084177902856,0.2472396638094438,-0.3334175401007627,-0.1641993261459688,-0.0444078313767453,1.3749080861015226,0.0984732725445252,1.3858622060477013
W4201,2,1.8531889565503832,0.0,0.6710744229015346,2.0854205065894846,0.0,0.3438952172696636,0.0,0.0,1.5885253890713107,0.0,0.6796636296604593,1.135222731358649,0.0,0.0,0.0,0.0,0.0,0.0,3.3365941887299124,0.0,0.0,0.0,2.04787569483816,0.4472887253223309,0.0,0.8714574390723041,0.0,1.1450443893552862,0.0,0.6409917402741137,0.3584497364929414,0.7113240111561011,1.0217514500323293,0.8564939898032835,0.6135155644538977,1.0134142278619456,0.6904464125445153,-0.0101094856595284,0.4789542579938717,-0.1916717082349981,1.275731212366624,0.368567781180954,2.280257004023894,1.5291149118053025,2.716797852125461
W4201,3,1.683717837676353,0.0,1.0309310450648472,2.5438000185218144,0.0,0.2947231293550185,0.0,0.0,1.2386592720827416,0.0,0.5322774513973392,0.5194209944027566,0.0,0.0,0.0,0.0,0.0,0.0,2.279320609697806,0.0,0.0,0.0,0.38930215059381,0.5716266594549158,0.0,0.4499606050416072,0.0,0.82366151262809,0.0,0.5272842983710959,-0.0988894148234818,1.2302494109785065,0.636081046209136,0.0796036971855243,0.4222342920368671,-0.61190444028603,0.440218378801667,0.949626678418338,0.302558355634427,0.2512251422841963,1.6267966913350755,0.3502582896590278,2.266424756483285,1.415468142265838,5.288060536993668
W4201,4,1.4578154481189711,0.0,0.6964356778581059,0.7025070639524764,0.0,0.4369266003726491,0.0,0.0,1.0852464509964037,0.0,0.6238492274073413,0.4891584325099504,0.0,0.0,0.0,0.0,0.0,0.0,2.305138416293124,0.0,0.0,0.0,1.0343497345145949,0.5942715291260298,0.0,0.5528184967559417,0.0,0.8139569351599507,0.0,0.3898087499075105,-0.0469087021963107,0.1356460997781833,0.5530067584626693,-0.5295393135586306,-0.2455889651856569,0.4991448252866326,0.8858695743858535,-0.6400161215911779,-0.4085559940405688,-0.2725098407107162,0.192326412726956,0.2136026322768717,3.1137059496953703,1.2436776086054222,4.188382455627275
W4201,5,0.6731156751770772,0.0,0.4990213267969583,1.2175538468204834,0.0,0.2839464189824016,0.0,0.0,0.9779477606960172,0.0,0.3992324170611513,0.5181353052003441,0.0,0.0,0.0,0.0,0.0,0.0,1.7880090596067535,0.0,0.0,0.0,0.3596691161984803,0.3383671419245734,0.0,0.5794952011381508,0.0,0.7474106884097458,0.0,0.2784922804290776,-0.2040864968717085,-0.6664096490343648,0.1272744005853772,0.5935834549923625,-0.561029276536919,0.5848137473275126,0.396929835266817,0.3125083067608761,1.0986700233552482,0.2871224376937795,0.4927782704054347,-0.056230077776494,1.8671249655487936,1.114937194405577,4.805098442553355
W4201,6,0.2227661409972615,0.0,0.3129849534647282,1.0786077224014583,0.0,0.173888862189448,0.0,0.0,0.4807911579605821,0.0,0.2372804613332773,0.1743468975152014,0.0,0.0,0.0,0.0,0.0,0.0,0.4951409682556126,0.0,0.0,0.0,0.5800658095456975,0.2846532376792782,0.0,0.1963039816308302,0.0,0.3215351020740478,0.0,0.384740865150766,0.1695525198327077,0.2473079563217838,-0.1253417683441,0.5951312739817448,0.2989672985244524,-0.0727734943727386,0.4406448782390519,-0.1339672824052116,-0.0939731490089682,-0.9245585218793478,0.9634980109151782,0.5101427414019009,3.417428689204397,1.3088458377222354,4.670718586780698
W4222,0,0.2142857142857142,0.0,0.2142857142857142,0.2142857142857142,0.0,0.2142857142857142,0.0,0.2142857142857142,0.2142857142857142,0.0,0.2142857142857142,0.0,0.0,0.2142857142857142,0.2142857142857142,0.0,0.2142857142857142,0.2142857142857142,0.0,0.0,0.0,0.0,0.0,0.0,0.0,0.0,0.0,0.2142857142857142,0.2142857142857142,0.2142857142857142,35.0,0.0,0.0,0.0,0.0,0.0,0.0,0.0,0.0,0.0,0.0,0.0,0.0,0.0,0.0
W4222,1,1.232889253572489,0.0,0.5826725320541862,2.147809443482058,0.0,0.3956272641925639,0.0,0.4897208993079043,1.1764439526588288,0.0,0.6684668240982964,0.0,0.0,0.4810462976860552,1.106504686817509,0.0,1.2952044290757738,1.3741969873294355,0.0,0.0,0.0,0.0,0.0,0.0,0.0,0.0,0.0,0.906002379076766,2.245534028147122,0.5637050001000442,0.790145504996733,4.5152157845488645,1.3787470112892335,1.3000601029451129,2.3921867929604623,1.1029695420067134,0.915411223829204,1.3410689209562108,0.1118383054898132,0.5638167102858,1.078899400887909,1.4763665873762617,1.4651758982477885,2.227531750275197,2.326484023056292
W4222,2,1.174100080777761,0.0,0.756359070066479,2.541151974077195,0.0,0.4268035791538062,0.0,0.4510618468021907,1.162361898752025,0.0,0.3927143117249699,0.0,0.0,0.5647302965643546,0.5834104527756007,0.0,1.576699625774821,1.1417270120634986,0.0,0.0,0.0,0.0,0.0,0.0,0.0,0.0,0.0,1.0187717757809145,2.73077918900026,0.317863859335943,0.1918779085419761,1.7444798313884695,0.3749166683990926,1.195367944643076,0.4169931397417844,0.2698159263748366,1.6211392161103209,1.273886184590613,0.1298061037981938,0.2651086698907315,-0.1546288947219781,0.9622907134026224,2.825342018669001,1.9128792871365456,2.512338705070774
W4222,3,0.8385423948968739,0.0,0.5700803978476106,2.355322253936216,0.0,0.4321949271085073,0.0,0.1956808972688178,1.0461478151768693,0.0,0.3435415685100501,0.0,0.0,0.4790643817994791,0.6245129876917533,0.0,2.491947949534985,0.9579107712590084,0.0,0.0,0.0,0.0,0.0,0.0,0.0,0.0,0.0,1.0541716747796297,1.312685156570031,0.5589334191577296,0.3859229947872095,0.0989983724488308,1.1569356065172791,0.3673142973681989,0.6079295850435826,0.0273357275179906,0.1662607525543915,0.3164785189682164,0.0470652640453635,0.2082805114104747,0.0487673080291325,0.7525586746315683,1.755326053764414,3.5612487588894286,3.0125437429440507
W4222,4,0.981792204057308,0.0,0.6135708757986206,2.009801706450929,0.0,0.2994180049594923,0.0,0.3829362984273793,0.7700234852720975,0.0,0.3258098053708787,0.0,0.0,0.3841296336402792,0.3973245815882043,0.0,1.2006890305896685,1.1090376041476728,0.0,0.0,0.0,0.0,0.0,0.0,0.0,0.0,0.0,0.4228233697898047,2.275033641933028,0.4173735327252668,-0.4884528320863267,0.4016947463606718,0.6442091106600794,0.0546282945799618,0.1105944121790247,0.0331410264223518,0.4336120342415016,-0.4046501388956396,-0.3725392144727281,-0.1711032155155802,-0.3708972468715697,0.7619076069525494,3.120968684795145,3.718095260865777,3.0322822746260925
W4222,5,0.723517800050528,0.0,0.5356873553074813,0.3362470209326467,0.0,0.2952191692230017,0.0,0.2586355518922359,0.2573637588681902,0.0,0.4296291015141303,0.0,0.0,0.1730536883585705,0.3780152878285345,0.0,0.9787989745716597,0.76510291973837,0.0,0.0,0.0,0.0,0.0,0.0,0.0,0.0,0.0,0.6797763669954434,1.2834905994637815,0.4792835122198178,0.5595646073197807,0.8820439507318967,0.634075560368936,0.5029577271191655,0.1348026731763408,-0.0366871362141831,0.1181351410406581,-0.2129605878556263,-0.104318716047004,0.2088176238855752,-0.557647379092092,-0.0080873336939793,1.4000160800824286,2.671226894764116,4.596157777214064
W4222,6,0.4000209355962265,0.0,0.286259292876852,0.5861585292801947,0.0,0.2287198073611009,0.0,0.1543039849707339,0.3498932430564294,0.0,0.1882030215096151,0.0,0.0,0.1881727370288204,0.1275032998029181,0.0,0.6362633865432086,0.5847210207559831,0.0,0.0,0.0,0.0,0.0,0.0,0.0,0.0,0.0,0.5273368312849349,1.1073376895987543,0.0823077270509269,0.5933884835986617,0.6820053490901792,0.4309009861343618,0.3080429784754087,-0.7698712121992966,-0.4875027611178174,-0.3557081447536163,-0.203526376858096,-0.0940918497181823,-0.0070631150267293,0.393311031669591,0.1951995536644211,1.901937941789788,1.3322059354979785,3.1697179730546248
W4264,0,0.1578947368421052,0.0,0.1578947368421052,0.1578947368421052,0.0,0.1578947368421052,0.1578947368421052,0.1578947368421052,0.0,0.0,0.1578947368421052,0.1578947368421052,0.1578947368421052,0.1578947368421052,0.0,0.1578947368421052,0.0,0.1578947368421052,0.0,0.0,0.0,0.1578947368421052,0.1578947368421052,0.1578947368421052,0.0,0.1578947368421052,0.1578947368421052,0.0,0.1578947368421052,0.1578947368421052,35.0,0.0,0.0,0.0,0.0,0.0,0.0,0.0,0.0,0.0,0.0,0.0,0.0,0.0,0.0
W4264,1,0.8284917645051052,0.0,0.3775891066878282,0.8280000830699602,0.0,0.3644091274089727,1.060161277532712,0.1385819945928227,0.0,0.0,0.6633895946055673,0.3438301701322738,1.7905592484713826,0.3945591060586852,0.0,0.8900007439247668,0.0,0.99310054515812,0.0,0.0,0.0,0.3346830596295079,0.6658803070810833,0.2173488716743403,0.0,0.5056120495713183,0.5421112016920451,0.0,1.294472168508252,0.3145114805834514,0.7366684825545801,2.887112024391358,2.9282911962568434,1.854012466575346,1.5850126412871173,1.3310238956560556,0.9125466551328032,0.7408770362734809,0.4724071281382319,-0.3606535046891133,0.9750201792638962,-0.0842666907111764,4.025583580501805,1.1046675722429158,2.612871948623157
W4264,2,0.8735591400299921,0.0,0.6342900743077781,1.442052413329833,0.0,0.2047284561620201,1.0007408243920324,0.4453747567138502,0.0,0.0,0.3262618997144851,0.0936301992526991,1.2030969437490568,0.4224971489739543,0.0,0.9813581520130246,0.0,0.7246649498605253,0.0,0.0,0.0,0.4348029954938766,1.0391324798353958,0.4066868634782771,0.0,0.3131534936823625,0.8350416532915135,0.0,1.5201823029690356,0.1446478754379671,0.3422052954193113,1.2847026040992893,0.852207071006374,1.3951307840453395,0.0085197973213709,0.8730111671388798,0.6069713777236426,0.7240947205100462,0.0224621389628681,-0.3673668251157951,0.9803839939982169,0.2402615181550667,3.639535836262848,3.1114662898844854,2.562911968296094
W4264,3,0.9475652895707593,0.0,0.4401859121711075,1.1471990813552444,0.0,0.3113826596999714,1.716059287396546,0.4638082701904027,0.0,0.0,0.3217086704348043,0.3408983811052256,0.964004317307221,0.1907252862209849,0.0,0.6187899708887665,0.0,0.853775755239841,0.0,0.0,0.0,0.410199149909059,0.4410315257352482,0.2916002207571185,0.0,0.3264290714535782,0.7663716518539052,0.0,1.6277730472691976,0.2762385711988631,-0.4383200991960381,0.2055736521385801,0.5374403724108321,1.2255680166841647,1.1067511891510788,0.1626176170331973,0.5235408288010374,-0.0805038545587467,0.1013292048678479,0.0634380565754998,-0.4969776403819099,0.4435343645303858,2.5561456604933506,4.495805125477866,2.260480288519285
W4264,4,0.5049702829316489,0.0,0.5426449471981104,1.1579674766067616,0.0,0.0917332732137089,1.0846589357281984,0.1948779334707252,0.0,0.0,0.2822375601053874,0.2099707785629789,0.8023105519671301,0.2532036986684358,0.0,0.3376249083228608,0.0,0.5803889352643713,0.0,0.0,0.0,0.2763145238429651,0.4864098865267761,0.3407935968647011,0.0,0.4582851333726606,0.2830707227291872,0.0,1.0390212212363097,0.3939784779261288,-0.2565477141240237,0.4139697283684626,0.3862145263839273,0.4962640668473291,0.5028117523577592,-0.1383245910403467,-0.9996935319056828,-0.2076853648589949,0.0289637212428021,-0.3135758382527325,-0.0653484740003704,0.410975607689987,2.078545930794109,3.765081610180336,2.737193135262053
W4264,5,0.3497388197114006,0.0,0.4109379967596367,1.0163715462803258,0.0,0.1694700699338411,0.3725578728884959,0.2034030689267761,0.0,0.0,0.1739814210096557,0.3310398700901127,0.6497004302946378,0.1734025651439446,0.0,0.2666044450200328,0.0,0.2316624316851391,0.0,0.0,0.0,0.193641427716646,0.3944178418948013,0.1755368874806927,0.0,0.3045727089649376,0.0226522147842622,0.0,1.1670350985065892,0.1690097622177345,0.4386267291554411,0.6954600223006668,0.0056130387286559,0.5444667230071105,0.6769905770779345,-0.4610601376277208,1.0757926607018375,0.7737980939799238,0.3549758635129899,0.2551964389145205,-0.3765032868244468,-0.0468833756109734,4.539738713344174,3.1761199526098123,2.468955638405366
W4264,6,0.3951760224668468,0.0,0.2043076929791607,0.6619079135471738,0.0,0.1286623845337745,0.9723118733405562,0.2492197030220094,0.0,0.0,0.1423021106554745,0.0122861327470365,0.5170218293351635,0.104820336064028,0.0,0.3346728311690039,0.0,0.3660250709609524,0.0,0.0,0.0,0.2573156692743903,0.4572802935903424,0.1547033330874993,0.0,0.1350962388447004,0.2773799910583775,0.0,0.8326940276741579,0.0498513714749875,0.54764229849042,-0.0768251772987991,0.1601767272795984,0.1653371137564479,0.6211327266161184,-0.0359786496606394,0.0391894076424948,0.0451680903408944,0.5329711792252783,0.6989483805140012,0.609410179017528,0.3812315656973472,4.65800520490155,3.323310894973904,4.331560661909942
W4298,0,0.2142857142857142,0.0,0.2142857142857142,0.2142857142857142,0.2142857142857142,0.0,0.0,0.0,0.2142857142857142,0.0,0.2142857142857142,0.0,0.2142857142857142,0.0,0.2142857142857142,0.2142857142857142,0.2142857142857142,0.0,0.0,0.2142857142857142,0.0,0.0,0.0,0.0,0.2142857142857142,0.2142857142857142,0.2142857142857142,0.0,0.0,0.0,35.0,0.0,0.0,0.0,0.0,0.0,0.0,0.0,0.0,0.0,0.0,0.0,0.0,0.0,0.0
W4298,1,1.1891541561000538,0.0,0.4579850700111024,1.635892810214726,0.3333491287839317,0.0,0.0,0.0,0.67351634625774,0.0,0.8324898470014339,0.0,1.1893030849989632,0.0,0.7535018236240915,0.7838307292174628,1.191708143849914,0.0,0.0,0.7702309116664344,0.0,0.0,0.0,0.0,0.94807443909732,0.5468311912990227,1.1257077283238208,0.0,0.0,0.0,-0.1675442022521557,2.993713652206453,2.1333726883900077,1.4179602274049057,0.8652719724437479,0.6814759963498687,2.0649209151313315,2.4243710735510438,0.5964270661102532,-0.3395259932838447,0.3368252373804788,0.8416899123821965,2.018345835776852,1.8270350280425247,2.212654810058667
W4298,2,1.0893399069345695,0.0,0.7565383104795518,1.650103322932042,1.3036167301507269,0.0,0.0,0.0,0.8915158149482876,0.0,0.7190884983169921,0.0,1.469966907322828,0.0,0.4624634457345379,0.9631958829689604,1.1275386290061469,0.0,0.0,0.5017202984557557,0.0,0.0,0.0,0.0,0.6231342127839204,0.3386009410906685,0.5984006591033368,0.0,0.0,0.0,-0.0708327088338093,1.2120293353367342,1.7511549113299552,0.6817377107709658,0.6353468676914642,0.7156222310939693,0.5578994055281243,1.1345064677063066,-0.1835385140762059,0.2427228861064755,0.8894426487373883,-0.1535563642453173,4.006869553936959,1.8300639241686376,2.673782707495284
W4298,3,0.8802701887189842,0.0,0.5650439672722625,1.0647912598517184,0.6058426565383122,0.0,0.0,0.0,0.6558292654119126,0.0,0.2450315812119675,0.0,1.0782293296128589,0.0,0.3149273404069339,0.2429597315183271,1.8877494266443555,0.0,0.0,0.4112667578650198,0.0,0.0,0.0,0.0,0.6910375395909585,0.5267565501042935,0.3453479851468049,0.0,0.0,0.0,0.0148590786970228,0.6671793771882972,0.5812530355219762,0.6376650153842216,0.0489353832993587,0.3342591684014535,0.9703154999920472,1.4793711292270435,-0.2611890771703339,0.2237274589151982,0.0533255030008313,0.2020957612058705,4.178336901087455,2.145364310691249,3.954837186455029
W4298,4,0.8256583738255376,0.0,0.5335658535418866,0.334051757071196,0.7183505205932135,0.0,0.0,0.0,0.7775118885072918,0.0,0.0853492349563324,0.0,0.6215084931918164,0.0,0.1195863953428519,0.4432250814750088,1.73052456044182,0.0,0.0,0.4935309981890632,0.0,0.0,0.0,0.0,0.4297251511392842,0.3055116002913195,0.6607929554972969,0.0,0.0,0.0,0.3984227305737288,0.8965444381158967,0.934786799242014,-0.2626305257595414,-0.0622417674032574,0.8984299992522625,0.525076347901548,0.0464999251735639,1.1750654937877565,0.6333917862598611,0.347514244069109,0.0536236532087367,2.542790149881872,1.3155204013939483,4.02861115253074
W4298,5,0.6083970202411284,0.0,0.5222799217354187,0.9617625000986024,0.618852803972034,0.0,0.0,0.0,0.5108105479731951,0.0,0.2222106433491475,0.0,0.5652783661043281,0.0,0.0354008874483985,0.7233474598364922,1.0360933094791105,0.0,0.0,0.3194030930883297,0.0,0.0,0.0,0.0,0.3547186747648541,0.1218528039030591,0.4533292145237899,0.0,0.0,0.0,0.0615674987585342,0.3917503520697801,0.4692377660168218,0.1673738548757154,0.6976048702803389,-0.3670999858200475,0.6457538192531685,0.3156857991205276,0.1448752447855259,0.3136294343532261,-0.0836509166800207,-0.0158934383077282,0.2403604896640199,3.53359814482196,5.338243196034566
W4298,6,0.4070022546689946,0.0,0.3335877199209756,1.1170881808953648,0.7007323985401785,0.0,0.0,0.0,0.3457046597598488,0.0,0.1241930416301637,0.0,0.5918033545244916,0.0,0.1918991864452227,0.4815978126550841,0.660137957681966,0.0,0.0,0.174198579118369,0.0,0.0,0.0,0.0,0.3530998402032112,0.218265225748139,0.1612404939632515,0.0,0.0,0.0,-0.5516994007953028,-0.0940779121235571,1.0255738180926004,0.0389917795346579,-0.0783012696067086,0.2582071465043014,1.0135751009851883,1.179800284774407,0.4901705506046033,-0.4748178651929206,-0.457446453971241,0.0843959510057915,2.068636818174861,1.965134787181722,6.459730936489571
W4505,0,0.2,0.2,0.0,0.0,0.0,0.0,0.0,0.0,0.2,0.2,0.0,0.0,0.0,0.2,0.2,0.2,0.0,0.0,0.2,0.2,0.2,0.2,0.2,0.0,0.2,0.2,0.2,0.0,0.0,0.0,35.0,0.0,0.0,0.0,0.0,0.0,0.0,0.0,0.0,0.0,0.0,0.0,0.0,0.0,0.0
W4505,1,1.0558380065864204,0.6813451392327778,0.0,0.0,0.0,0.0,0.0,0.0,1.394929458158761,0.4903524446883283,0.0,0.0,0.0,0.4325969619026477,0.6260505234896543,1.5060696952047066,0.0,0.0,2.8225851289951027,0.7942175654031454,0.9171780762118243,0.254501802242707,0.6107023714902323,0.0,1.0410304229934213,0.3638975042348511,0.7899893588056442,0.0,0.0,0.0,1.5694038838319426,2.789746313542598,1.5375861449840678,2.1454027386479027,2.261738240207348,-0.1634040299825744,2.3147738228929047,1.040404746264228,0.4087215838871549,0.4315085681946554,0.2728833772138682,0.5213654869639217,2.977718047288705,0.5458613105089942,2.613636653080815
W4505,2,1.6338565075670983,0.6144880410241974,0.0,0.0,0.0,0.0,0.0,0.0,1.388368734902227,0.5840749239659837,0.0,0.0,0.0,0.516397307343029,0.4606237550653202,1.4282556810279057,0.0,0.0,2.3637056962721714,0.6567668986938338,0.8549126447196824,0.7698884363338823,0.8881227981994266,0.0,0.682129583194512,0.3405922501887566,1.7460256499362783,0.0,0.0,0.0,0.4133613391297749,1.7322312853981932,1.1811164760702415,0.7598428597268071,0.7470343779692231,0.1888516980653128,0.9359516834903898,0.3399974608336178,0.2261802075626504,-0.2494162810982556,0.1759657465409738,0.5571074556565718,3.2231443949627248,1.5183375607561902,3.8896255703222296
W4505,3,0.4887182770201743,0.6095998001781139,0.0,0.0,0.0,0.0,0.0,0.0,0.6257924277777656,0.5471738277570037,0.0,0.0,0.0,0.3092691133642541,0.5411625907180978,0.8722989647699677,0.0,0.0,2.7594854445945987,0.5364052361143659,0.3534744181911726,0.4402335913940016,0.8184781559950244,0.0,0.922198397921666,0.7858734115306418,0.7319762894966263,0.0,0.0,0.0,0.5864187208192227,2.5655193876947497,0.7608924893691075,0.2684348806585571,0.5984769358591993,0.0925837067676499,0.5161023973057828,0.7870784901006882,-0.4730141697258352,-0.3753323072485037,0.2364887835096709,-0.0273788657713655,5.227798464055068,2.0140870257693906,4.11276628882902
W4505,4,1.1442574500198923,0.4102806804799198,0.0,0.0,0.0,0.0,0.0,0.0,0.5265625034659305,0.484300102470041,0.0,0.0,0.0,0.1617915026387095,0.3953155185031407,0.3120021911310044,0.0,0.0,1.4574877944326483,0.5503829091995469,0.5660931025357481,0.2228720594292767,0.7141142630125978,0.0,0.4796750020930995,0.112131173243486,0.2368030883972256,0.0,0.0,0.0,0.0085439069584384,1.3786528024191484,0.1526411903513186,0.2576360142873699,0.3220892901523448,0.1923164772762541,0.0950900659820404,-0.431395549730058,0.3999659651868896,0.341714221837577,0.3702011211740375,1.1408132379498503,3.588419409659606,2.9968641567360867,3.674906627331444
W4505,5,0.6636447922769222,0.1734502693026855,0.0,0.0,0.0,0.0,0.0,0.0,0.6665254018654921,0.0535107230118421,0.0,0.0,0.0,0.1870058730118154,0.3897963172986864,0.3850171750084676,0.0,0.0,1.6514885389773963,0.448343644623468,0.397197335265329,0.5460740085079124,0.3680933397134992,0.0,0.4355328632302838,0.2997159958860957,0.3785230402098317,0.0,0.0,0.0,0.3738312899474156,0.3931137082165283,-0.0382845313282766,0.2456320335852494,0.030305695579783,0.1721691822323164,0.2304378315529227,0.050845327592045,-0.2311508621413033,0.5890051043618107,0.5983326388610575,0.0773594129100538,2.549124348700589,3.169459373211709,4.08468655731448
W4505,6,0.747863308896784,0.2467804299825999,0.0,0.0,0.0,0.0,0.0,0.0,0.5123457362216622,0.259278729952297,0.0,0.0,0.0,0.2003660399580113,0.3387387281311377,0.2417046965194283,0.0,0.0,0.9292234514509824,0.1493505710163924,0.2864273600658233,0.3267339204967183,0.420865552719159,0.0,0.221044024145805,0.2099730390353383,0.2182627962075011,0.0,0.0,0.0,-0.1625278034364612,0.6217838447783375,-0.3692689016829782,-0.1904349734154722,0.2665117276317712,-0.1100697649321214,0.8720640563617812,0.3820205971849352,-0.2069327195179005,0.5205410812209965,0.2034388938637811,-0.639083863226607,3.694039136807695,2.1569021981654823,6.647620820233306
W4586,0,0.1764705882352941,0.1764705882352941,0.0,0.0,0.0,0.0,0.1764705882352941,0.1764705882352941,0.0,0.1764705882352941,0.0,0.1764705882352941,0.1764705882352941,0.1764705882352941,0.1764705882352941,0.1764705882352941,0.1764705882352941,0.0,0.0,0.0,0.1764705882352941,0.0,0.0,0.1764705882352941,0.0,0.1764705882352941,0.1764705882352941,0.1764705882352941,0.1764705882352941,0.0,35.0,0.0,0.0,0.0,0.0,0.0,0.0,0.0,0.0,0.0,0.0,0.0,0.0,0.0,0.0
W4586,1,0.6323631845762779,0.4274922895978906,0.0,0.0,0.0,0.0,1.292616028520813,0.4781196532311287,0.0,0.6982039028184763,0.0,0.2531181106384182,1.710197449385313,0.4276555521588819,0.4081500811311268,1.3195806735804032,1.604264267598302,0.0,0.0,0.0,0.2882867066634187,0.0,0.0,0.3778156356194908,0.0,0.3227989036207133,0.7452909898339815,0.4065829667944643,1.1108687129909016,0.0,0.964546448836162,3.746033499560684,1.2195748810370246,2.684259500589925,1.6775882288384718,0.975401496170054,1.452614810366864,1.3230904549488405,0.8048616926685707,0.1450603092877763,0.797155840726744,0.3895001831506601,4.885871853913759,1.2753435131809596,2.843052214130449
W4586,2,1.009634760584359,0.3718781574429058,0.0,0.0,0.0,0.0,1.6756050098463642,0.3177751430706417,0.0,0.5366312255655007,0.0,0.38602146808862,0.9164585187003924,0.3263972141885485,0.4979558128198379,1.2290980390050366,1.305239485076712,0.0,0.0,0.0,0.7465514993426148,0.0,0.0,0.4391216912933273,0.0,0.3040973826557043,0.5002997081050959,0.7676417842093827,1.1955837866183887,0.0,-0.350848629845296,0.6599783894887822,1.1243531447761903,1.7076237523188569,1.2782553418454985,-0.277864598446517,0.9926531808040552,0.8442447715800435,0.5057788216518745,0.3456391095604159,0.4601193934897605,0.1106335269688091,2.7648186735499727,1.846482533056481,3.7536667566080166
W4586,3,0.7054561579714362,0.2784441917088331,0.0,0.0,0.0,0.0,1.5533630715509792,0.2779136187469868,0.0,0.6474026789402312,0.0,0.3168983628090202,0.917236898562827,0.2688796835899426,0.3183604895216723,0.8773240099336186,1.2656879028685732,0.0,0.0,0.0,0.292084950366632,0.0,0.0,0.4220871205947549,0.0,0.2824542260402501,0.7022326113071427,0.5784097938438247,1.574707215055043,0.0,0.1516260329259736,0.5777568511008065,1.0056423469757152,0.7960633483499495,1.1533142926001263,0.4195046868186023,0.6991944370460639,1.170273420432813,-0.6187854826048574,0.3544695729498274,0.1103777801973616,0.4118999401867512,2.609789177627736,4.284157204097048,3.843807079835172
W4586,4,0.7857662565203148,0.2988355295224189,0.0,0.0,0.0,0.0,0.9085294133891156,0.3190830247737989,0.0,0.3168757169685396,0.0,0.3727816113479461,1.11173612974029,0.3329048169399801,0.1561066725739338,0.5309834948438701,0.9016553495870644,0.0,0.0,0.0,0.3969772081242179,0.0,0.0,0.320975228178681,0.0,0.4327879509946323,0.3887338776124159,0.451981206683553,0.5268153445329004,0.0,0.1479141789644546,0.4664351400127395,0.4559250509826822,0.7109845546516138,0.5722342000790402,-0.1896208076310216,0.3109968713085803,0.3640296481613667,-0.3643112395482972,0.83216984003241,1.159189630460908,0.1993174140607737,2.687292336985674,4.433540096195358,2.562465415692412
W4586,5,0.5982065834528526,0.2717815674543966,0.0,0.0,0.0,0.0,1.8270991821769045,0.3410039783093282,0.0,0.2389272235045457,0.0,0.2067187744946687,0.6819798925900353,0.1538974329864668,0.1607742627149384,0.3434916565635605,0.6493483857795948,0.0,0.0,0.0,0.1579705484849654,0.0,0.0,0.2123891889977438,0.0,0.2740725033434354,0.3145886646781805,0.5678837537801441,1.235944302911082,0.0,0.5195955202686287,-0.5558677179340386,0.6206509924193988,0.9692314116768268,-0.0425588559982776,0.1547556126680876,0.5915989098885719,0.0667732360922114,0.2805746286815633,-0.6056720241086123,0.4611483571747134,0.4137920564209323,2.9031151848863117,5.046990240876077,2.836316281489923
W4586,6,0.4246316748032845,0.2492481169635289,0.0,0.0,0.0,0.0,0.4154219207472756,0.1991981817749832,0.0,0.1930148514868567,0.0,0.1579658766486899,0.3646438763548476,0.1324279321427493,0.1207473863476398,-0.0260432721083534,1.110345948786556,0.0,0.0,0.0,0.2709686603444048,0.0,0.0,0.070286987693812,0.0,0.2143539050869278,0.2340686014758331,0.544499455096839,0.7522166171886485,0.0,0.585149389815455,0.1226877408170675,-0.0146907503863253,1.0001773057664225,-0.1360641083906899,0.1117073912694915,-0.2841689663218071,0.1451269440354062,0.1726412188097909,0.717635676566424,-0.9439840159318827,0.449903950613215,2.5075061779070738,5.165694674908684,2.68687950976935
W4645,0,0.2,0.2,0.0,0.0,0.0,0.2,0.0,0.2,0.2,0.0,0.0,0.2,0.0,0.2,0.0,0.0,0.2,0.0,0.0,0.2,0.2,0.2,0.2,0.2,0.0,0.2,0.0,0.0,0.2,0.0,35.0,0.0,0.0,0.0,0.0,0.0,0.0,0.0,0.0,0.0,0.0,0.0,0.0,0.0,0.0
W4645,1,1.650680264324075,0.4062563186822853,0.0,0.0,0.0,0.2927565084439927,0.0,0.3458273389491637,2.429755781032368,0.0,0.0,0.7531792543582089,0.0,0.6019524986290532,0.0,0.0,1.9353112994540864,0.0,0.0,0.7083998325776599,1.150003004407676,1.1191798140416669,1.3907453767773728,1.2192013751368762,0.0,0.4208284587067531,0.0,0.0,2.246076493779458,0.0,2.165237857290798,2.069662728047774,1.9652966877020648,2.3565153670595174,1.2747210066821355,0.592549157730603,1.7882604769651675,1.8823491150227996,0.2866761405435928,0.5487053893724869,0.7426426268868603,1.198300286759913,1.93925705139009,1.2059020651083707,3.036277079427495
W4645,2,0.8536515610167887,0.3483936549796655,0.0,0.0,0.0,0.4470227624806921,0.0,0.3383878101150672,1.340093717250212,0.0,0.0,1.015544009217789,0.0,0.4012623461888419,0.0,0.0,0.3444805471969454,0.0,0.0,0.7840625745229062,0.7320444363922441,0.6231669314966464,1.3325124508050086,0.6036393766601055,0.0,0.4996550963610542,0.0,0.0,0.86376881018126,0.0,-0.117528254060046,0.9048861789845802,0.694675768667711,1.3431175552658643,1.538693680054468,0.2145163415771015,1.5051367692655506,1.449959725068208,0.111371476450955,0.8713580826638306,-0.4232100144474119,0.927619907061208,1.5392029240194671,1.8961271322088324,3.884785807437014
W4645,3,1.5175686411363078,0.6830866564183792,0.0,0.0,0.0,0.5338879567357657,0.0,0.3321281544751903,0.6150663136587131,0.0,0.0,0.7090192223253116,0.0,0.1873207150186731,0.0,0.0,2.7357397034859057,0.0,0.0,0.2307303434458175,0.5793268085441678,0.6696578804984342,1.0107058607841668,0.532722912348614,0.0,0.6261832196189717,0.0,0.0,2.9559044969787744,0.0,0.1748854560219986,0.6735468624081032,0.5885842741513427,0.1525822981761447,0.5619258412904338,0.1712094641755571,0.4677063237442879,0.197221313346819,0.0055315114993842,0.0285860482024097,-0.7079728077412799,0.4003032144130143,1.9462832448296168,2.1599294190733,1.8179879356603543
W4645,4,0.9961446116431872,0.5573961187187949,0.0,0.0,0.0,0.3547580323397184,0.0,0.3355315125390639,0.9664195326004834,0.0,0.0,0.7440998755885408,0.0,0.3492284195847072,0.0,0.0,1.654125620406088,0.0,0.0,0.2273096395004141,0.438197679099288,0.3502825834289463,1.0082925799167517,0.4974310561905001,0.0,0.504059434048652,0.0,0.0,1.7550666807810964,0.0,0.4822095189690341,1.0604605237593223,-0.2265978584933205,0.4257779106404714,-0.0784111236184462,-0.1893955874212589,0.3235995632430459,0.6233143126042064,-0.3272676235071057,1.0044066938129694,-0.3156858886051574,0.1525329642441293,2.055622339683183,2.52828386395161,3.247645836483781
W4645,5,0.5936739400552218,0.2570120244544469,0.0,0.0,0.0,0.2681634880297627,0.0,0.1131442341287503,0.7748985977540566,0.0,0.0,0.3674777130063246,0.0,0.2057257096579062,0.0,0.0,1.3169232148479053,0.0,0.0,0.1330596639750615,0.3777699745545501,0.189841363379553,0.4958328575860513,0.1552805277661764,0.0,0.3010491920140362,0.0,0.0,2.5627625301851857,0.0,-0.1387715745060926,0.1902884277092065,-0.0391729862282615,0.1894590735517797,-0.6381227674156997,-0.3421167177587911,0.8837557894980804,-0.2612593473340253,-0.0299436987309572,0.1185134266310821,-0.7080188201654101,-0.024521103529277,1.2927138549506796,3.192344379204404,4.047062040361031
W4645,6,0.5573023128918007,0.219206853048607,0.0,0.0,0.0,0.1587888158207935,0.0,0.2311450591638152,0.3784651859825637,0.0,0.0,0.3049913401835186,0.0,0.0463684924923767,0.0,0.0,1.004229724642768,0.0,0.0,0.4063432449762468,0.250932329705644,0.2329575070502261,0.5839682661803546,0.0507081759158426,0.0,0.3009794565800368,0.0,0.0,1.2209748660556694,0.0,-0.2240014504500232,0.5302287981984694,-0.2284697888118986,1.0420375864195208,0.0960683110083221,1.1576725159982888,-0.1279625749977848,-0.4273880539807086,0.0845374469458407,0.3926548765901228,0.7643938133080258,-0.2042736129001594,0.4276302614865355,3.2902136065990804,3.293181099382174
W4713,0,0.2,0.2,0.0,0.0,0.2,0.0,0.0,0.0,0.0,0.2,0.2,0.2,0.0,0.0,0.0,0.0,0.0,0.0,0.2,0.2,0.2,0.2,0.0,0.2,0.2,0.2,0.2,0.0,0.0,0.2,35.0,0.0,0.0,0.0,0.0,0.0,0.0,0.0,0.0,0.0,0.0,0.0,0.0,0.0,0.0
W4713,1,1.5782390568754865,0.8650098811118191,0.0,0.0,1.1828638059533247,0.0,0.0,0.0,0.0,1.023299085202661,0.7334967905759898,0.8843882535005874,0.0,0.0,0.0,0.0,0.0,0.0,2.338297379594371,0.567977793238228,0.8529225002265399,0.6884158227418883,0.0,0.6236644883620542,1.2763647384514067,0.4122726785028663,1.4878159201916312,0.0,0.0,0.7124730080296712,2.103164613920633,1.8597684308426188,1.2838927117096817,1.1366584052775883,3.045406428608838,0.922046810518056,2.0824869406461106,2.0006426771025545,0.1563539091595007,0.3387490420308828,0.8048650170730379,1.1265518679189066,2.137224909410219,2.8233524095827374,1.4916743273171589
W4713,2,0.7770438358360067,0.4281665702440291,0.0,0.0,0.516802917179413,0.0,0.0,0.0,0.0,0.9593101072919976,0.735897849148763,1.057242703344823,0.0,0.0,0.0,0.0,0.0,0.0,2.8477592883987866,0.8042678437636265,0.6211619015039499,0.8788821457989133,0.0,0.4820031376282938,1.3258023760921898,0.8405447948501206,0.8302773047326364,0.0,0.0,0.5510971044308896,0.3250002491201996,1.318619280283825,1.6720437738654317,0.6906957648925649,1.4052055086382205,-0.0827609182136305,0.7064235686889848,0.4787938696216991,0.1699859805529615,0.5178704500311229,-0.0905801739027743,2.0533236088640603,2.001754213171118,2.2994115735694542,3.189361612137298
W4713,3,0.8687289522648137,0.5554176393434568,0.0,0.0,1.5160499772172418,0.0,0.0,0.0,0.0,0.4974893209190824,0.3446010586105126,0.453770657067941,0.0,0.0,0.0,0.0,0.0,0.0,3.5073954142094856,0.7238835452805625,0.7218904383298823,0.7298306521167575,0.0,0.45223047394529,0.4778649852587053,0.6769037422147726,1.1516085233233162,0.0,0.0,0.5242775672786394,0.2910164876060061,0.1259297800842663,0.9848613038135248,0.6075007435344636,0.7296285577805002,-0.3944636013479442,0.5718215378098073,0.6569296868418433,-0.3144449924993174,0.56120948079546,0.6700830177026079,0.6074049759346496,3.440929889111861,2.251994703629874,6.615219035548845
W4713,4,0.5269901882271257,0.6025697821409578,0.0,0.0,1.0226297704275529,0.0,0.0,0.0,0.0,0.5908782084031011,0.5979234698559628,0.5491863228776627,0.0,0.0,0.0,0.0,0.0,0.0,2.68497720508327,0.420138479418638,0.4366616339983374,0.4372762082178258,0.0,0.0930869839528703,0.9331992436110648,0.5554313100757718,0.6151529095016585,0.0,0.0,0.5015904738333241,0.0269797240823001,0.904261879457586,0.4961753303652071,0.1804349049297415,0.462828579353104,-0.2230121198848764,-0.3949019314569247,-0.0154581032754992,-0.842859831878549,0.0445472293933813,0.6093764108478471,1.541209799366791,1.9789067003592176,3.3144371544621185,4.786313949289178
W4713,5,0.5566150283505091,0.4541212468423456,0.0,0.0,0.5781373905516842,0.0,0.0,0.0,0.0,0.3139193902533397,0.2736885736812096,0.326685953853961,0.0,0.0,0.0,0.0,0.0,0.0,1.567382890579295,0.2976437191799116,0.2973605964616852,0.2788788813630148,0.0,0.2972379932416067,0.4829462467707917,0.3759301692908023,0.3733411176796649,0.0,0.0,0.2280949477548994,0.4932917509747232,-0.1481769100977557,0.4178540583827466,0.0781225214338949,0.8477651249065069,0.452955641946681,-0.5746618661756576,-0.3203111007961778,0.8717111792388691,0.6109176804093017,0.4763803707922103,0.4171977729630016,3.121557681362861,3.823567781089004,3.7918544662588576
W4713,6,0.4588867805047038,0.4187453619950332,0.0,0.0,0.4989792075895807,0.0,0.0,0.0,0.0,0.2655458100738724,0.2183637693776896,0.1826851537669422,0.0,0.0,0.0,0.0,0.0,0.0,1.4471830747228176,0.4038626004433676,0.3920555807095088,0.2632756140449477,0.0,0.3470746864466288,0.5621383257963181,0.2308265702710041,0.3380922851707427,0.0,0.0,0.3092585539799874,0.056125418005355,1.209008787938684,-0.4810384166751043,0.1503013163336885,0.0908907445924638,0.2105774906297704,0.7184198288522607,0.8373590946501117,0.279025362178856,0.4280460441920569,0.5907193624392804,0.4983063225688831,2.9416802523262096,3.299430126638358,5.945081514441845
W4913,0,0.2,0.2,0.0,0.2,0.0,0.0,0.0,0.2,0.0,0.2,0.0,0.0,0.2,0.0,0.0,0.0,0.0,0.0,0.2,0.0,0.0,0.2,0.2,0.2,0.2,0.0,0.2,0.2,0.2,0.2,35.0,0.0,0.0,0.0,0.0,0.0,0.0,0.0,0.0,0.0,0.0,0.0,0.0,0.0,0.0
W4913,1,1.0998779103006135,0.3842677777565824,0.0,1.5163484941023575,0.0,0.0,0.0,0.4045753187969418,0.0,0.7550218237721635,0.0,0.0,1.5412411899502951,0.0,0.0,0.0,0.0,0.0,1.8459974069806195,0.0,0.0,0.5124625796911997,1.5074971483750712,0.3234155898301911,0.6347569128921127,0.0,1.2563378727026109,1.5670019987319468,0.4930962421129126,0.3836530635375798,0.7321329994246363,2.6783510021191788,1.543205785542151,1.3687586064661217,1.723139680104823,1.0228675177604047,2.303719904096289,0.7404076368322252,0.7626128157305916,0.9244138791303098,0.6385773569969544,0.1973291957241897,1.7519412131987329,3.2066610493782632,2.5519882687171207
W4913,2,1.1811883485563404,0.2691957814041875,0.0,1.866637675271991,0.0,0.0,0.0,0.3470368741707169,0.0,0.6529754800779386,0.0,0.0,1.136865459599095,0.0,0.0,0.0,0.0,0.0,2.628652298234261,0.0,0.0,0.7818011186854369,0.9666285566403732,0.4652334235927218,0.752687494932575,0.0,0.8049962357710566,0.9519396870014504,1.4401544922100815,0.6073608019616745,0.3646857612082324,0.4442434261641496,1.4930736618108609,0.9314474260400109,1.1713530051008136,0.1280652079920027,0.5446200007659661,0.8844915950285066,1.1276009358960437,0.9284600042135172,0.871181375793301,0.506092452354023,4.177637109094377,2.366442095865024,4.065837211675233
W4913,3,0.9481335422780705,0.4878540100434541,0.0,1.3392108897464745,0.0,0.0,0.0,0.2983644428658626,0.0,0.2945031430109761,0.0,0.0,1.0814766631343122,0.0,0.0,0.0,0.0,0.0,1.24567208987154,0.0,0.0,0.4340063914691884,1.0662801801504391,0.4511172454653259,0.5698872489646255,0.0,0.4133787649306346,0.7569107003366818,2.419315198302877,0.043528773694225,0.7679197794913399,0.8082889529342288,0.1756057963593271,0.1239228243651966,-0.0720012280084714,0.2383157481295941,0.711810267231812,-0.3879663129683268,-0.1437071229876655,0.5028387596019924,-0.498428601329939,0.2982466791248361,2.7056493028968336,4.920032874298612,5.280521001722253
W4913,4,0.6591544897998686,0.3783978040723804,0.0,1.1172235790506324,0.0,0.0,0.0,0.2403153072759505,0.0,0.4751220102106532,0.0,0.0,0.9889077324997636,0.0,0.0,0.0,0.0,0.0,1.0215464244371373,0.0,0.0,0.244815955564135,0.5794300404863107,0.2516089167010966,0.3054374097976651,0.0,0.613321540212426,0.7553219172520858,1.944998785509468,0.2711547688593811,0.0494451883073587,0.1695981046526397,0.1361294266486361,0.218301782342882,-0.2479966558371646,-0.3207010356010241,0.6772068128433926,0.2205994789779178,-0.1746620512396715,0.153169770453254,-0.2106729440109249,0.1025560365546665,3.222550313970709,3.3457112842199286,3.083546826748109
W4913,5,0.4109547357326352,0.4310161902558451,0.0,0.893454020516465,0.0,0.0,0.0,0.1282973835145183,0.0,0.2135263130534716,0.0,0.0,0.9850291651785772,0.0,0.0,0.0,0.0,0.0,1.6317899969428982,0.0,0.0,0.240842316708126,0.587973069415233,0.2717475002712078,0.2313065692104706,0.0,0.1690845514902285,0.6624782995904914,1.7981047302841735,0.1999741089471075,-0.6695951890473668,-0.5587652767681226,0.6148442689459029,0.9766570875909472,0.4460536023385262,-0.4747899154629679,-0.1666963947928965,-0.4295154571383172,0.0387611100144493,0.038444973530276,1.0485859001034397,-0.2898923223221208,3.271240319401893,2.630128204358838,2.1468481560214934
W4913,6,0.3893968047129473,0.1941844038891822,0.0,0.8961721342983231,0.0,0.0,0.0,0.0747672016480134,0.0,0.1504989189419192,0.0,0.0,0.5281076287739892,0.0,0.0,0.0,0.0,0.0,0.4263926508853156,0.0,0.0,0.3023038680003797,0.2384758958485719,0.2319282398267546,0.1803728113090834,0.0,0.0900973287812781,0.4383001903089156,1.5793632407052387,0.1535141859234765,0.2138408805030644,-0.0524027039091852,0.5895476161523403,0.1802198210678813,-0.0150137190777637,-0.1005315657283866,-0.0186743645127767,-0.3333231228559619,0.2399719242984318,0.2564790185741378,0.1188144745183544,0.8478458133393036,3.378421227529842,1.1591453125508762,4.194157312268589
W4939,0,0.1764705882352941,0.1764705882352941,0.0,0.1764705882352941,0.0,0.0,0.0,0.1764705882352941,0.1764705882352941,0.1764705882352941,0.1764705882352941,0.0,0.1764705882352941,0.1764705882352941,0.1764705882352941,0.0,0.0,0.1764705882352941,0.0,0.0,0.1764705882352941,0.1764705882352941,0.1764705882352941,0.1764705882352941,0.0,0.1764705882352941,0.0,0.0,0.0,0.1764705882352941,35.0,0.0,0.0,0.0,0.0,0.0,0.0,0.0,0.0,0.0,0.0,0.0,0.0,0.0,0.0
W4939,1,1.0844564758201598,0.3872632875213239,0.0,1.6894848869056582,0.0,0.0,0.0,0.2923490052704958,0.9452429273271872,0.6605188901817519,0.7200726064152321,0.0,1.5681205814580612,0.4963552377617172,0.5691804254411748,0.0,0.0,1.010334339001996,0.0,0.0,0.6133859426589289,0.4306568617351138,0.810883766983609,0.3702332704080491,0.0,0.3157993047432116,0.0,0.0,0.0,0.5220344955697623,1.3831445032993912,2.689691806502711,1.674579554567094,0.6069747118632263,1.458198595169025,0.6158120902568164,1.4075574080274356,1.844408234290992,1.0775367611466835,0.0221988953462068,0.2383904354882831,0.2465442566383935,2.4003427588858526,2.7402872392525723,0.1982586202530907
W4939,2,1.1793871286066675,0.6785566253297358,0.0,1.4926298244645482,0.0,0.0,0.0,0.4140614905833432,0.9107273557573656,0.607901430263711,0.6106233958609921,0.0,1.4925970882519175,0.3812707472201456,0.4012800841537191,0.0,0.0,1.2819782656028054,0.0,0.0,0.6369149930785124,0.7175753536189203,1.0926396826822131,0.2483445108643085,0.0,0.4045689643654226,0.0,0.0,0.0,0.2075386182377334,0.1190447471537529,2.5414251174430285,0.1945760946045975,1.447634276285081,0.6981700327664624,1.4394047246243389,1.07858556996174,0.2893293495851237,0.0306688983302786,0.103870903377703,-0.001591895637377,-0.495552273832029,3.73728011895926,3.692326789606581,3.076152034718338
W4939,3,0.9141041237138962,0.6059276552982318,0.0,1.219129057119073,0.0,0.0,0.0,0.3071764387396272,1.1144629193028723,0.4904385386325859,0.3093683117250849,0.0,0.9485078838050328,0.2197846773951492,0.3181160631587815,0.0,0.0,0.8849014361398152,0.0,0.0,0.641168373605436,0.5345011290448132,1.125607236521997,0.3117190166725195,0.0,0.46178010450533,0.0,0.0,0.0,0.5200266648911617,0.4766105371795076,1.6089329250732614,0.4378508758570762,0.6081576520331812,0.1608699748406488,0.2039680810810068,0.9539139628565912,0.4128707537131323,0.1020552419660028,0.3555238662697352,0.5033643948518652,0.1368911034023584,3.1712678677604558,2.452714335527601,2.496155149457401
W4939,4,0.7963096995473524,0.5298044033341581,0.0,0.5180793787515252,0.0,0.0,0.0,0.3488546884851409,0.9149200643527332,0.4623843806435485,0.2473149440661714,0.0,0.6649472509809011,0.2243936775629397,0.4037986794039404,0.0,0.0,0.8772571124346458,0.0,0.0,0.3611543538159089,0.3903000472565839,0.2217834530253675,0.1102693057631241,0.0,0.1853313911873887,0.0,0.0,0.0,0.1091281252600336,0.5801562360143218,0.7726430742127497,0.1458218130842055,0.3497915866202655,-0.0269405646428098,0.4525078220702692,0.5302128815456719,0.4229512427854152,-0.1992894678266743,0.6659799535338731,0.4123241084126009,0.4535566796237047,2.987737728382384,3.332615395487172,4.317858791110706
W4939,5,0.8362260347208862,0.3850063268420952,0.0,1.2973772342555916,0.0,0.0,0.0,0.2522946350131143,0.2470118543145035,0.281600558288581,0.1112613161628793,0.0,0.6170399120848276,0.2064268254613036,0.1977017940853157,0.0,0.0,0.3754940141726003,0.0,0.0,0.3823807100925962,0.2499126815069987,0.7376838278165369,0.3686649277440659,0.0,0.4311056015854398,0.0,0.0,0.0,0.2493224639354739,-0.0441821951409832,0.9810862603415,0.7297771155260544,0.0639274068110522,0.9145798122288812,0.2359519164406157,1.0014636402590966,0.5210493057969852,0.4690993734917675,0.2518579468166687,-0.1314348405591491,-0.0136062263404536,1.9659129886487252,2.446915883437055,3.4572481476860206
W4939,6,0.4072069513802075,0.2269263198063363,0.0,1.4507907151136548,0.0,0.0,0.0,0.2811227871980519,0.3001107286942162,0.1810778893540735,0.1817607437949589,0.0,0.5223049994065427,0.0899490738956101,0.2297677943274448,0.0,0.0,0.4417987702603433,0.0,0.0,0.4180628812772294,0.3532950095006836,0.3642411472892828,0.1791930777110293,0.0,0.2605727085692413,0.0,0.0,0.0,0.3963921326519044,-0.3913853915688506,0.2440526516293121,0.0582992463846205,0.0398972214346129,0.14796858180926,0.5304389616036768,0.7765123743244102,0.5878027530506197,0.4168139236637697,-0.2002502433130363,0.2385860796227168,0.7937051987427424,3.1311093527065106,4.10100923734677,4.178709176086543
W4945,0,0.2307692307692307,0.2307692307692307,0.0,0.2307692307692307,0.0,0.0,0.2307692307692307,0.0,0.0,0.0,0.0,0.2307692307692307,0.0,0.2307692307692307,0.0,0.0,0.0,0.2307692307692307,0.2307692307692307,0.0,0.0,0.2307692307692307,0.2307692307692307,0.0,0.0,0.2307692307692307,0.0,0.2307692307692307,0.0,0.2307692307692307,35.0,0.0,0.0,0.0,0.0,0.0,0.0,0.0,0.0,0.0,0.0,0.0,0.0,0.0,0.0
W4945,1,0.6481175923147614,0.680485790977263,0.0,1.5365191039852664,0.0,0.0,1.9600020889633347,0.0,0.0,0.0,0.0,0.6048867581214167,0.0,0.7800124653374743,0.0,0.0,0.0,1.1816485800566494,2.275568086953747,0.0,0.0,0.43525491711738,1.0589131976508923,0.0,0.0,0.699249475871567,0.0,1.145756291847801,0.0,0.3292070674815449,0.1120793576977808,3.5090929165960727,2.3746436470753687,0.9670224267937892,2.2657923625285785,0.5120787010606977,1.171342388653423,0.7167707746360709,-0.0701571164861918,0.0898898909760083,0.9448673779143866,0.1798647250691081,1.6400813355839956,2.9757925222827653,1.693398140438524
W4945,2,1.567710792910163,0.7761875292407804,0.0,3.190575664105571,0.0,0.0,3.162568014738332,0.0,0.0,0.0,0.0,0.5446587606866844,0.0,0.5128296669318095,0.0,0.0,0.0,1.122314725338303,2.988057318388217,0.0,0.0,0.8202188769080568,1.5257556933914889,0.0,0.0,0.3390670272677667,0.0,0.949378083569873,0.0,0.6406515155403099,0.1724233217974595,1.0411638809276862,1.5414066140587537,0.5364544564600964,1.075632046585124,-0.0795741834731217,0.8413972012526365,-0.2225324680015239,-0.5756359288186755,0.6771561910035911,1.109108852297123,0.5272122532102397,1.8952009426235727,3.346675410949787,3.7627439594522505
W4945,3,1.1628943047674112,0.4454197473476322,0.0,1.8785837358476491,0.0,0.0,2.362904036848537,0.0,0.0,0.0,0.0,0.4039857155476916,0.0,0.5744664834053278,0.0,0.0,0.0,0.6788610494309374,1.405861074068408,0.0,0.0,0.2009837585146345,0.9759946018963448,0.0,0.0,0.4643614286613443,0.0,0.6461583964722187,0.0,0.4019991256057421,0.3630898814010033,-0.336150232949698,0.6346088652431173,0.8845643842449249,-0.6041397748810047,-0.4721177095286002,-0.292040810949763,0.2343813914381326,0.5759252816983775,0.545619198343623,0.0017500588878452,0.1713039435714032,3.0851140004803783,3.164834162574261,3.402629364087264
W4945,4,0.7589861980686572,0.4074908811179464,0.0,2.3203736666600268,0.0,0.0,1.6519678347577345,0.0,0.0,0.0,0.0,0.2896226553873056,0.0,0.2389655176574096,0.0,0.0,0.0,0.9513462431582748,1.5748143551096787,0.0,0.0,0.3765464929376811,0.874573671562104,0.0,0.0,0.217018550386968,0.0,0.9142564812519572,0.0,0.0804789648071535,-0.0371836925882807,-0.0741903733205824,0.3859694195663935,0.2970760859903739,0.5247959160627991,-0.7112773399888427,-0.2837016875772767,0.2727025847955409,-0.1162137805140291,-0.0570391055042295,0.7292352300327152,1.0041086083499051,3.180857021512081,2.8428257417390146,4.255069198328228
W4945,5,0.4801036742705148,0.3440017518757831,0.0,0.6044764644072899,0.0,0.0,0.93552737415097,0.0,0.0,0.0,0.0,0.28604000285641,0.0,0.2984666533242729,0.0,0.0,0.0,0.6837922952673087,1.3125969820274246,0.0,0.0,0.1794264376737397,0.460808424524068,0.0,0.0,0.3783517877229204,0.0,0.4176753069370297,0.0,0.2187532752402445,0.2982514389241875,0.2809203101385896,-0.9258300465237952,0.1933262106178667,0.3902923296011689,0.720867173297335,0.6432249835772694,-0.0017033777938169,-0.3560408228840259,0.0562523740646327,0.592949137444805,0.2970271152048123,4.830532132804295,2.873417083146137,3.954416349298736
W4945,6,0.5294856742090017,0.1574477080262838,0.0,1.0262890608008322,0.0,0.0,1.2081936550594072,0.0,0.0,0.0,0.0,0.2650683260337025,0.0,0.121054021562239,0.0,0.0,0.0,0.4253808744446645,1.1097713898358936,0.0,0.0,0.2037603333145314,0.281591581871937,0.0,0.0,0.4029105279108235,0.0,0.6133357732713889,0.0,0.4126443868853197,0.3231848146085577,0.502120389454304,-0.1300789407401974,-0.0391181987248511,0.3144933852332222,0.786215500705781,0.3199691311110403,-0.4075689992495067,0.8117838267281552,0.4925098728009654,0.4461332997523698,0.1225279437422181,2.599444374879424,1.3924473357139804,5.396709253534469
W5078,0,0.1578947368421052,0.1578947368421052,0.0,0.1578947368421052,0.0,0.1578947368421052,0.1578947368421052,0.1578947368421052,0.1578947368421052,0.1578947368421052,0.0,0.1578947368421052,0.0,0.0,0.1578947368421052,0.1578947368421052,0.1578947368421052,0.0,0.1578947368421052,0.1578947368421052,0.1578947368421052,0.0,0.1578947368421052,0.1578947368421052,0.1578947368421052,0.0,0.0,0.0,0.0,0.1578947368421052,35.0,0.0,0.0,0.0,0.0,0.0,0.0,0.0,0.0,0.0,0.0,0.0,0.0,0.0,0.0
W5078,1,0.5583297161846607,0.3010838558992731,0.0,1.5075868693187493,0.0,0.3623312112981416,1.131580226573565,0.2311721803788675,0.3468315656485206,0.8300972429073666,0.0,0.5982267283892317,0.0,0.0,0.5045936373049904,1.111282367063566,1.7300438544489425,0.0,0.8245274000936436,0.4485979928693649,0.6308870639090826,0.0,0.6745879610675934,0.4006864684211272,0.7578236037411946,0.0,0.0,0.0,0.0,0.3309444541919824,1.0623143670476316,2.889752588641045,1.3809209365262598,0.793141099992703,1.002762194122509,0.1442061247645913,2.3430969831919297,0.5401892858344186,0.0262672218542833,0.2716946981804309,0.7352610887979513,1.2926793157575238,2.17177617478734,1.016927650334729,2.658333238827148
W5078,2,1.0837379018089937,0.3959365944975077,0.0,1.2711934001461067,0.0,0.4431274125222283,2.237563794118407,0.3921774461375198,0.6290311267816049,0.4725879287708889,0.0,0.2382121115533754,0.0,0.0,0.5233496000121918,0.8751971941070935,1.1301598470689795,0.0,2.44865227252244,0.7119117113464116,0.6871573148944737,0.0,0.5404095731021594,0.529819033199822,0.5377336108116365,0.0,0.0,0.0,0.0,0.447599444351868,0.3381527103703889,0.6185343608719855,1.2552652765637673,0.450901980025354,0.5833268935705149,0.0217334671226575,0.9576595743196,0.5569786883037257,0.4883345814578327,0.304496472928946,0.9395391000244938,0.3278498150436604,3.865634974129052,1.303796784056547,1.820225110379269
W5078,3,0.5189903646366822,0.2954387367515759,0.0,1.7718327967961889,0.0,0.3811745651154212,1.57959046777524,0.3104749466933673,0.5788212043590348,0.4188628354044752,0.0,0.7197939722169319,0.0,0.0,0.5023653302957676,0.6157083805834029,1.289620966723442,0.0,1.9408812808819207,0.5699290828163301,0.4218859900185696,0.0,0.8127209832860179,0.1733282278133749,0.6888037529296963,0.0,0.0,0.0,0.0,0.4084929320908187,0.2617985790489299,1.565361411529566,0.704891641275095,0.9546879035959236,0.5297950558695872,0.7700112446532874,0.4509030345748651,0.6430588617965296,0.7198511697433021,-0.1652558455406085,-0.2773708097222442,0.867925819364084,3.2241754435920758,1.842468033736234,2.1633255419589554
W5078,4,0.5554136287699097,0.3048427759976307,0.0,0.925234628600401,0.0,0.2583707485303236,1.2785002715033276,0.1846330642398789,0.4670606001673173,0.4876013566655116,0.0,0.437431445346859,0.0,0.0,0.3812606979147859,0.3416980009445586,1.1538262534386967,0.0,1.472556884441803,0.3397405254198806,0.4900169171954597,0.0,0.664365076495286,0.221892334836486,0.343984587196652,0.0,0.0,0.0,0.0,0.3000716739205908,-0.0666242198363077,-0.0671749556146537,0.0900779916365933,-0.4054258801258616,0.2191290102414624,-0.1098711559179949,0.6661003335840618,0.182568781354027,0.6457996119230358,-0.0459757222255698,0.3992533657768821,1.155152903798508,2.791182324292707,2.1649903530033936,4.223091572152623
W5078,5,0.2613439987193552,0.1064104804844406,0.0,0.7495835488615812,0.0,0.1536687324883042,0.91263529636403,0.1814975238510686,0.3699252581097521,0.1478318578044676,0.0,0.1768153318248368,0.0,0.0,0.2325885958357159,0.45721618974267,0.9839766613350824,0.0,0.9677438778737768,0.255482984793307,0.329705745406751,0.0,0.3221688101687381,0.2076660596028048,0.3256915726278117,0.0,0.0,0.0,0.0,0.3215958519703467,-0.1932228675611622,0.2229928136910934,0.1792605595698624,0.2907516672063804,0.2646954466109452,0.2368171009147754,0.1934789002133828,0.4093841616853798,-0.3535851562714689,0.1627889117823665,-0.1910313211441892,0.2755143932141602,2.4722431548650183,2.223215908661693,3.7881980301011247
W5078,6,0.3203737553827403,0.1747365105962489,0.0,0.7592905167749017,0.0,0.1594859285855622,0.8091823573288974,0.1675299428297115,0.2754783540973148,0.1584986726628718,0.0,0.2030099792633181,0.0,0.0,0.1072508258847356,0.3653485723074354,0.9017346764035606,0.0,0.567946346684972,0.185827652057188,0.158514743516573,0.0,0.2590604792997625,0.1677785516396437,0.2359890021226856,0.0,0.0,0.0,0.0,0.096386780472853,-0.8937030267542219,-0.8080052914759236,-0.8294422446499817,-0.0428548040504226,0.1796238273372662,-0.4087467128076046,0.2711522967947704,0.3412742003086978,0.226903651289793,0.5356087959940034,0.561968999416361,0.7631236470533242,2.976430803856144,3.011565587701704,4.820905779232914
W5117,0,0.1764705882352941,0.1764705882352941,0.0,0.1764705882352941,0.1764705882352941,0.0,0.0,0.1764705882352941,0.0,0.0,0.1764705882352941,0.0,0.1764705882352941,0.1764705882352941,0.1764705882352941,0.1764705882352941,0.0,0.1764705882352941,0.1764705882352941,0.0,0.1764705882352941,0.1764705882352941,0.0,0.0,0.0,0.1764705882352941,0.0,0.0,0.1764705882352941,0.1764705882352941,35.0,0.0,0.0,0.0,0.0,0.0,0.0,0.0,0.0,0.0,0.0,0.0,0.0,0.0,0.0
W5117,1,0.8712115434433455,0.2860749694515523,0.0,1.8214596283325133,0.5537991036479432,0.0,0.0,0.4700085880246605,0.0,0.0,0.6166426325521225,0.0,1.3105608377558196,0.6415057627415555,0.2392574362080213,1.2823174196620517,0.0,0.8793489410525799,1.531316882993882,0.0,0.8227860235366291,0.3962075078346408,0.0,0.0,0.0,0.3449373014418711,0.0,0.0,0.3183796612588527,0.3147792172078527,0.59670232229425,3.8081769726511423,0.690674108849408,1.1225889096012067,0.70084208093723,0.6734854703957297,2.819346910916021,0.7125108798237159,0.1493860997026195,-0.0266031146445589,1.0296409374124558,-0.0735218394073305,3.02716808127626,2.0717850482406552,3.798039751914661
W5117,2,1.4568748521561372,0.3012958578856668,0.0,1.558286323161031,0.5102083142049256,0.0,0.0,0.2162190422337807,0.0,0.0,0.3901621188586534,0.0,1.0357582337798137,0.2121621819079704,0.5593284164892289,0.3031912095118131,0.0,0.7876019661262993,1.931368345090429,0.0,0.4911211391075606,0.5602002135915604,0.0,0.0,0.0,0.3334188229912623,0.0,0.0,1.42829843327115,0.39331719615828,0.2540371474496165,1.2160258149528436,0.8065305158092009,0.2761577212966388,1.7989026871470917,0.3934164327149451,-0.3438093365201307,0.8914452531147017,-0.462643252289559,-0.4205590001860302,0.3818313929100557,0.5202683743630401,5.587358641486039,3.784449353766405,2.593911226281609
W5117,3,0.8615847781825068,0.4169920271275346,0.0,1.2407742725520576,0.659438591294429,0.0,0.0,0.250816614464402,0.0,0.0,0.1587809624770232,0.0,1.2178421666185435,0.3129873914713135,0.1991089505000932,0.4927158036737574,0.0,0.6838128705335209,2.389971646895198,0.0,0.3248210591065893,0.4283384732436042,0.0,0.0,0.0,0.3092171947184065,0.0,0.0,1.49324682688642,0.2344792182387665,0.531723536555271,-0.0256779268156019,0.5217287367232974,0.2457015401580332,0.2077210968471609,0.5702127249568582,0.5382504381903708,-0.0625067568899117,0.9883079198803166,-0.6842025169131223,0.7609486700240157,0.329290640963735,4.807730793227559,2.122018375785922,3.893763103433451
W5117,4,0.3997630487756083,0.4184897531413998,0.0,1.5224882093609746,0.5501964696158557,0.0,0.0,0.3406253454354518,0.0,0.0,0.1791195841428458,0.0,0.6180164824096852,0.2456869126678779,0.2940081180632092,0.4577642315117543,0.0,0.5389050369160482,1.1211986209563618,0.0,0.3211007192821428,0.107704755827649,0.0,0.0,0.0,0.4036147917747902,0.0,0.0,0.7185593834790355,0.300672794816738,1.543344794002755,0.7106815906469812,0.5198967697827894,0.2306286483971031,0.1744237909581666,-0.513524857281896,0.3628126744984313,1.0875637760145025,-0.1587882218408431,0.7412076465951648,-0.2988591701949062,0.3150140487831853,4.355373175412185,3.0991274409339904,2.6043896991194377
W5117,5,0.5058737934315609,0.2574216485674727,0.0,0.7109454959219035,0.6241214903675485,0.0,0.0,0.0651567967243962,0.0,0.0,0.1729499542901477,0.0,0.6032191719665934,0.1355336911678068,0.152863749250201,0.3319010489747455,0.0,0.316177197604756,0.7033238095695997,0.0,0.2223828340496276,0.260350926618645,0.0,0.0,0.0,0.3245179100502377,0.0,0.0,0.8046332556595122,0.2324144793551985,-0.4411720443493591,-0.3058948656755119,0.7120215074422931,0.0344421093661467,-0.6735040856388024,-0.7304548621370645,-0.481405631558077,0.3258712494285872,-0.2338096656043959,0.7464472719132176,0.0926829940435674,0.3587639287373911,4.204684979121161,4.304653451957499,2.7483635619798283
W5117,6,0.561998456103228,0.1541799817657621,0.0,0.8333112551322979,0.313170638926183,0.0,0.0,0.0750483604547156,0.0,0.0,0.0801408627121699,0.0,0.3253221537131008,0.1302032084381973,0.1438294132034571,0.1822460515416597,0.0,0.0520580745433237,0.7855047712575557,0.0,0.1493299163049905,0.1230720707359731,0.0,0.0,0.0,0.2371484148923619,0.0,0.0,0.7181355186186928,0.0777341514566068,0.3810288705802423,0.052754022225443,-0.0890450407767144,0.4581793813111553,0.1068842931521346,-0.2807239825083996,-0.0327127790326346,0.5464627555238243,0.6555694722627667,0.1126232601094879,0.3324133991217001,0.3408880760585139,4.5585730219160485,3.811923487176237,4.060199708222859
W5217,0,0.2,0.2,0.0,0.2,0.2,0.2,0.0,0.2,0.2,0.2,0.0,0.0,0.0,0.0,0.0,0.2,0.0,0.0,0.2,0.0,0.0,0.0,0.0,0.2,0.2,0.2,0.2,0.2,0.0,0.0,35.0,0.0,0.0,0.0,0.0,0.0,0.0,0.0,0.0,0.0,0.0,0.0,0.0,0.0,0.0
W5217,1,1.145773304094156,0.4177908607506234,0.0,2.463564667074884,1.1055438438573857,0.3929504554625231,0.0,0.425753922112234,1.3197269827020368,0.6041525219488917,0.0,0.0,0.0,0.0,0.0,1.2044409909532476,0.0,0.0,2.472999719391499,0.0,0.0,0.0,0.0,0.6374576991381906,0.9092934021429956,0.2236048302566736,1.2264215591836545,0.6284717970496867,0.0,0.0,1.5818987690097186,1.791917331532808,1.4254204823608334,1.104036458126804,1.1517902903178787,1.1873232709384922,1.805103233306168,1.3486624083083238,0.8480255182108655,1.0378203612189822,0.7389258426614433,1.1918507216144294,2.10355498426649,1.9977131084108144,2.5506054833134035
W5217,2,0.9198286727177872,0.5947454526672733,0.0,1.6247615790949874,0.7496669134443084,0.2737392768163243,0.0,0.1565348203314396,0.8989625673260417,0.4756556783932518,0.0,0.0,0.0,0.0,0.0,1.3374886843556937,0.0,0.0,2.1046283638919343,0.0,0.0,0.0,0.0,0.4957675762975211,0.6670845088508925,0.715915370196243,0.6967068205478697,0.6064012737827618,0.0,0.0,0.2059802472435472,1.0991633947523154,1.4470659848797616,0.4297050978579593,0.3097433718334051,0.4394780205725558,0.394821632916371,0.2685280306022241,1.1473746024905065,0.0066649192466097,0.7545390334376068,1.127152750801128,2.8738070905259208,2.801973617740161,4.63501791324339
W5217,3,1.2063436988680083,0.3959885393268468,0.0,1.4524901705582816,1.4107419027321422,0.2745307732564704,0.0,0.305805132218026,0.9660428808579784,0.3260219782945616,0.0,0.0,0.0,0.0,0.0,0.5119467552469951,0.0,0.0,0.95017463060287,0.0,0.0,0.0,0.0,0.398455910149482,0.9675415184138,0.6400513271613749,0.8606146253575397,0.5379706516160496,0.0,0.0,-0.6301515182387513,1.464444324307276,0.2584746630501895,0.9416654708071752,0.6109570888076783,-0.0353639582782387,0.7294069243409547,0.3090293736660825,0.6131670138631109,0.4440452393286044,0.5474557864622406,0.785647625668274,2.486610599050179,2.088431959989135,2.446771842602927
W5217,4,1.09571189921471,0.2157846725135687,0.0,1.3720967951830234,1.305591495860504,0.319062335867868,0.0,0.2512814144061402,0.5956693263108216,0.2769515928642575,0.0,0.0,0.0,0.0,0.0,0.95363738038582,0.0,0.0,1.2640148394018098,0.0,0.0,0.0,0.0,0.6012190013134538,0.5621773250761241,0.6367251984072642,0.6033395755090064,0.5471073611351586,0.0,0.0,0.9840111327615562,0.697707328315303,0.5393596910619333,-0.2004061384305947,0.553975209384477,0.3098043039642785,-0.0173696590706372,1.0813469761423062,0.5348163285806979,0.0820476353924287,0.2735846965838049,0.4723382844400334,3.101650441805155,2.275765018524713,4.289624546785169
W5217,5,0.7334098208021564,0.3206295207638303,0.0,0.6587173231217394,0.3673291703563009,0.2615380122168111,0.0,0.1098219412887591,0.2264175956568029,0.1907757878034473,0.0,0.0,0.0,0.0,0.0,0.8432225502804263,0.0,0.0,1.2617080445631923,0.0,0.0,0.0,0.0,0.3943675851065257,0.3487618858360936,0.3934700316661376,0.5076826673417929,0.6115865302813334,0.0,0.0,-0.3858567089970039,0.6599960562425619,0.1736831359605432,-0.2511397194697828,-0.5919400582988822,-0.0070301121079542,-0.5048802080099326,-0.6159362791938616,-0.0227351739365172,0.4255394850337946,0.5454268586291526,0.7660642500383412,3.3292233519320185,1.6812776046617564,4.07600234405669
W5217,6,0.3843750369715294,0.3299609099501221,0.0,0.7290808016451644,0.3148733453545824,0.1720137163787232,0.0,0.1052909005498817,0.3787506702282032,0.2739079100243151,0.0,0.0,0.0,0.0,0.0,0.6321978266821875,0.0,0.0,1.0226604918523556,0.0,0.0,0.0,0.0,0.2761822294753024,0.3150836875539714,0.1759111734621084,0.4116811828958164,0.5426512441805817,0.0,0.0,0.6756305386710357,0.9273589213799824,-0.2901981205775714,0.3978851967842474,0.3105456205090095,-0.2145769315374448,-0.3934357261058141,-0.2477292657141268,0.6291079557665049,0.5457137485170027,-0.3170415628494578,0.812925731910444,2.5929055744303144,2.0082583593900245,5.603463822006749
W5323,0,0.2,0.2,0.2,0.0,0.0,0.0,0.2,0.0,0.0,0.2,0.0,0.0,0.2,0.0,0.2,0.0,0.2,0.0,0.2,0.0,0.2,0.0,0.0,0.2,0.0,0.0,0.2,0.2,0.2,0.2,35.0,0.0,0.0,0.0,0.0,0.0,0.0,0.0,0.0,0.0,0.0,0.0,0.0,0.0,0.0
W5323,1,1.066019362940912,0.5273555889009773,0.4743869555410305,0.0,0.0,0.0,1.4509494125432896,0.0,0.0,0.5304558657532272,0.0,0.0,2.229880734840655,0.0,0.6945248012239778,0.0,0.5812611085734003,0.0,1.6039993617212105,0.0,0.818387251793235,0.0,0.0,0.571510315485549,0.0,0.0,0.4500872698673809,0.998407344103371,1.1534471483180435,0.5174514166573263,0.4897442410393723,3.621916231694499,0.9340835404364164,2.4882988719684,1.5039903022739844,1.206996953396667,1.0421362086553017,1.7625732136237502,0.2835568177772963,-0.3998568511950118,0.7821234113139555,0.5383220904556684,2.3633816234580283,3.1301519074864723,2.3807335269950083
W5323,2,0.7059372872093665,0.4455579646371339,0.4434367819326324,0.0,0.0,0.0,1.7425887157133562,0.0,0.0,0.3735155624949831,0.0,0.0,1.3892078415832985,0.0,0.6512338810003298,0.0,2.1506364933963384,0.0,1.8519304605060969,0.0,0.481387164305403,0.0,0.0,0.4083196831509428,0.0,0.0,0.6865738060181918,1.0368200596161974,1.821491428075563,0.3794595001815655,0.188638539997732,1.246426355428562,0.7391639576130508,1.8754728828016436,0.7879684556350166,0.2026185390728428,-0.3454622781841523,1.4219151096387774,-0.0217391235531959,0.3164512744799595,0.5115613168027888,0.4587078133309807,2.29062246897566,3.674152934981684,2.2156763463114797
W5323,3,0.5151554652097943,0.2951360667632587,0.3090323600369278,0.0,0.0,0.0,1.381214440585318,0.0,0.0,0.3622710186238279,0.0,0.0,0.7947007243393276,0.0,0.2997231949489268,0.0,1.888439994280385,0.0,2.004963770859595,0.0,0.3881545480932482,0.0,0.0,0.5051005773353459,0.0,0.0,0.316608515231179,0.84278270294938,1.4827270449767107,0.2289279984875731,-0.0723054045139967,0.9585583264238056,0.3042333399940743,0.4170419977258689,0.1851513955432257,0.438796861736177,1.0733373014471217,0.4998947872680666,-0.4642088472001832,0.4683809786772636,1.0260262248902938,0.0574782562584727,2.210957857538217,3.8999923807996426,4.481131431629343
W5323,4,0.7280696705136721,0.3848294227415113,0.5381483592128766,0.0,0.0,0.0,1.4004476496557947,0.0,0.0,0.3322923858074554,0.0,0.0,0.8737227745335194,0.0,0.1484075122034788,0.0,1.627015940071952,0.0,1.0269671604599402,0.0,0.2997463254702606,0.0,0.0,0.0854074681784796,0.0,0.0,0.3956806837124015,0.710628743201653,1.9546129852602436,0.3095173360537563,0.7194197578813833,0.5085857445856616,-0.2794316871796768,-0.1779245265924274,0.1615272374466149,0.5328578759779208,-0.3797788480710322,-0.6026300964615442,-0.5240882209577312,0.2660550086930393,-0.6149209531892527,-0.5014552194630497,3.111640818045118,4.581678657259461,5.139439572754339
W5323,5,0.3643600610036706,0.167364613478278,0.3030278649135111,0.0,0.0,0.0,1.0486746910426208,0.0,0.0,0.1119328208686032,0.0,0.0,0.4088181061426595,0.0,0.061458614771876,0.0,0.9384604974143264,0.0,0.9030106724914696,0.0,0.3817685621799722,0.0,0.0,0.1621693389835241,0.0,0.0,0.2601594831661344,0.3839359380322911,0.979112712596319,0.3236019875848228,0.0095864546372472,-0.5491067789110992,-0.0841780437307954,0.7611628912339592,-0.6462027256683868,-0.4447312436462554,0.4924913118776273,0.5264207587567628,0.0164133883560639,-0.3941501271363851,-0.4320365435397732,0.9257212632941524,2.385322492957995,3.093352264949164,3.2183641775642653
W5323,6,0.4457751108343084,0.1841511187823933,0.4122895111511558,0.0,0.0,0.0,0.7661465938776645,0.0,0.0,0.293947725748495,0.0,0.0,0.499277427398336,0.0,0.271971951955291,0.0,0.8828003828923234,0.0,0.5975286078643557,0.0,0.1588557159837146,0.0,0.0,0.1428421748123031,0.0,0.0,0.1281014445349454,0.4073677319582532,1.216735230312756,0.1459442500463025,0.0731641294646186,0.2523943758275105,-0.4399979043083717,-0.1453349814437261,0.1965726555673328,-0.5555093949025369,0.1580736307456595,-0.7192592934775979,0.178428020748644,-0.1180800457159728,-0.1360683993533787,1.0038561407642752,2.155074645212792,2.3768819707426774,2.195400112555907
W5384,0,0.2727272727272727,0.2727272727272727,0.2727272727272727,0.0,0.0,0.2727272727272727,0.0,0.0,0.2727272727272727,0.0,0.0,0.2727272727272727,0.0,0.2727272727272727,0.2727272727272727,0.0,0.0,0.0,0.0,0.0,0.2727272727272727,0.0,0.0,0.0,0.2727272727272727,0.0,0.0,0.2727272727272727,0.0,0.0,35.0,0.0,0.0,0.0,0.0,0.0,0.0,0.0,0.0,0.0,0.0,0.0,0.0,0.0,0.0
W5384,1,2.7104851209459246,0.4162862206679784,0.8671915860821053,0.0,0.0,0.4638798323537427,0.0,0.0,1.375559082187373,0.0,0.0,1.1276739038857355,0.0,1.0068435503448798,1.4883248923157082,0.0,0.0,0.0,0.0,0.0,1.2465939233602237,0.0,0.0,0.0,1.62398309773135,0.0,0.0,1.6385869215414255,0.0,0.0,2.3084930954669143,5.607323838476881,1.829421716016912,2.036072924093678,0.6041933073528556,0.6941980207488818,1.8792374829319456,2.079976378579538,0.5715724207046848,1.342724357921584,-0.297640664873968,0.8791695493341104,1.0140423130269651,1.4857625238346626,3.3290604449708754
W5384,2,1.3445725146850314,0.7799721750608043,1.1058348348726277,0.0,0.0,0.6940220173908284,0.0,0.0,1.3826388132948488,0.0,0.0,0.7787975188773826,0.0,1.1050088335129258,1.2838703206198805,0.0,0.0,0.0,0.0,0.0,1.154468614755408,0.0,0.0,0.0,1.157480882706566,0.0,0.0,1.311135095924772,0.0,0.0,-0.2167765246652501,1.2580806621372336,1.021526529022294,1.313758409074073,0.6758048933366751,-0.2488089650565476,0.4282321114301757,1.073700667644956,0.1632249482707011,0.3678782332900822,0.980876089119509,0.4156853256027654,2.8135934826318327,2.5243124407217072,3.785979894113879
W5384,3,1.0725765602916204,0.719233829725882,1.845254262514246,0.0,0.0,0.5312272263076787,0.0,0.0,0.9659628614517084,0.0,0.0,0.6079886704260093,0.0,0.6875604420316983,0.6565554444159667,0.0,0.0,0.0,0.0,0.0,0.7552405096825883,0.0,0.0,0.0,0.9945334364814248,0.0,0.0,0.8112157461469056,0.0,0.0,0.1456176420397755,0.593642135779024,0.3933188106076933,0.8226284896547208,0.4075197681940611,0.90560480773972,0.8007171322199773,0.4434202416312033,-0.2016078449350167,0.9560924415345452,0.5709207263518773,0.6098339465775666,0.2237087300907461,1.697243648369227,3.9069268029449056
W5384,4,1.7088089638978246,0.8466450336283415,1.0149165408991196,0.0,0.0,0.4532614050071419,0.0,0.0,1.535566129153255,0.0,0.0,1.5476167024920435,0.0,0.5854724405756984,0.711208990165652,0.0,0.0,0.0,0.0,0.0,1.1029761323891762,0.0,0.0,0.0,1.0296578330095385,0.0,0.0,1.4299315682892038,0.0,0.0,-0.5619048226443949,0.9651811212196248,0.5531553928240718,0.5715315107130554,0.2372206577898127,0.7055785095676997,-0.164362166918375,0.6288675407491116,-0.4144308013237719,-0.1242182493778097,1.149063090482373,0.1667417899516701,1.5190233225528418,3.049908970026694,3.394937716681487
W5384,5,1.113720012798102,0.8188132362390124,0.8658503207626036,0.0,0.0,0.2399162891858774,0.0,0.0,1.2752257507587876,0.0,0.0,0.415734372279673,0.0,0.3288284108988308,0.6638568806047358,0.0,0.0,0.0,0.0,0.0,0.364679752746164,0.0,0.0,0.0,0.8054426797350754,0.0,0.0,1.0917516094806117,0.0,0.0,0.6486966203147835,0.1679337639883114,0.2320919591659299,-0.522872817490429,-0.1500080090785802,0.3439880298307013,0.1696795962581547,-0.0709837218473702,0.1172418560051579,0.5908850336291668,1.2253780534811312,0.7560618941998589,2.1409838848490854,0.9173952737417472,4.656670208362302
W5384,6,1.8744925834193225,0.5586939209694972,0.2005787157740995,0.0,0.0,0.1094528915357613,0.0,0.0,1.191231281175219,0.0,0.0,0.5728995420578226,0.0,0.485045875997464,0.4514577659983807,0.0,0.0,0.0,0.0,0.0,0.6546253420577379,0.0,0.0,0.0,0.4823962172887192,0.0,0.0,1.1154251834474946,0.0,0.0,-0.1074597654309488,0.1075446378866559,-0.0550655790515303,-0.3414783876441896,0.0526618084333909,0.1638990116657559,0.6019986781763899,0.2977804716103145,-0.0166722007860118,-0.0355982045253899,0.0580823749095766,0.3956851238324661,1.705320399343142,2.175334135019466,2.8296308992119235
W5714,0,0.1875,0.1875,0.1875,0.1875,0.0,0.0,0.1875,0.0,0.1875,0.0,0.1875,0.0,0.0,0.0,0.1875,0.0,0.1875,0.1875,0.0,0.0,0.0,0.1875,0.1875,0.0,0.1875,0.0,0.1875,0.1875,0.1875,0.0,35.0,0.0,0.0,0.0,0.0,0.0,0.0,0.0,0.0,0.0,0.0,0.0,0.0,0.0,0.0
W5714,1,0.7715422164665646,0.4717105077770245,0.6921660223213383,1.4439227997353334,0.0,0.0,1.600230230503835,0.0,0.6291405685289095,0.0,0.5982695031281412,0.0,0.0,0.0,0.7367145609147223,0.0,1.446000722537916,1.3225052212406263,0.0,0.0,0.0,0.7154294115279273,0.1125958704225791,0.0,0.9321950337461652,0.0,0.7667971348338694,0.8901463054735569,1.735586685126,0.0,0.6397077019917967,4.5696847732331705,2.4694276344785684,2.2737776769563998,1.7226015983951168,1.3115409229270127,1.331842212998554,1.6786992368148188,0.8192263209751534,0.563555729272919,0.181036687190328,0.8846037553438183,2.4038999074409104,4.307706417853268,2.40842023391396
W5714,2,0.7997515585257003,0.6624385482121524,0.837513248386722,2.378099793396873,0.0,0.0,1.568436731788844,0.0,0.9014133207457016,0.0,0.3925666729114929,0.0,0.0,0.0,0.411822351471786,0.0,1.91344559790302,1.3319328468952398,0.0,0.0,0.0,0.6717708364572168,1.1811402954149917,0.0,0.5600705711561967,0.0,0.4247823626796131,0.6822266414365693,1.97560725289436,0.0,0.2535456243331022,1.7349154983667718,1.4626024775194777,1.5303144280956342,0.4023847581790181,0.1311957133924591,1.1376402567629356,0.9804724860484196,0.6655469083489719,0.8833340955603448,0.5636157046097523,0.578120490016439,1.6426887523386544,4.688924301333927,4.003082441718872
W5714,3,1.1456113133775043,0.3739153380561871,0.6623648214194139,2.241479936701162,0.0,0.0,1.5437955708792803,0.0,0.9001587521936677,0.0,0.523548943534804,0.0,0.0,0.0,0.2954629078674498,0.0,1.3369721499509566,0.8850090334940321,0.0,0.0,0.0,0.3920700249740404,0.3595296814224251,0.0,0.2619314170365214,0.0,0.4133169080077876,0.4742098875154985,0.8935237448556778,0.0,0.1704020320305057,-0.149323262611276,-0.1934464324912853,1.4799239861429756,-0.1701782125695899,0.646878311725307,0.7957739857513015,0.1277045954403385,-0.1989469414877329,0.562216772502099,-0.0890151224581783,0.7662630645414682,2.420568805716872,4.41852798479024,2.872532755523134
W5714,4,0.7512161836138157,0.2660553471979354,0.4474028679370284,1.7118811545166557,0.0,0.0,1.0419246686007588,0.0,0.550024140305877,0.0,0.4058602313339156,0.0,0.0,0.0,0.3337654773729152,0.0,1.340868482102144,0.6478670208284862,0.0,0.0,0.0,0.3182605346174588,0.4607620659059914,0.0,0.4128814812288101,0.0,0.5558613050854351,0.5443363555936997,1.192092419543844,0.0,-0.2446623307066951,0.5713861985621922,-0.0269744780900766,0.6933374146303581,0.092317513456296,-0.0302352463184431,0.4372496239409054,1.0976231062808235,1.0127597320810366,0.2888659295424456,-0.7909181940671508,-0.042349980643782,1.614070737535017,1.9816819087338624,2.776988235754132
W5714,5,0.4201438291698688,0.2110922141948124,0.2264609416735674,0.681622777613913,0.0,0.0,1.1094464834366238,0.0,0.3789870978685288,0.0,0.3265477843661721,0.0,0.0,0.0,0.2099389281933437,0.0,0.1676037280153814,0.355325097301442,0.0,0.0,0.0,0.3202024822981982,0.2266504355625356,0.0,0.1141682770750334,0.0,0.2401031615120164,0.5273702922173154,1.0955420873704564,0.0,-0.6341845071459652,0.75580578349012,0.2784971541196281,0.6903478777511591,0.4201513723099057,0.6709065288742816,0.6957351952198421,0.0887759301875012,0.6780432468595479,0.1848044841065722,-0.1336351195113403,0.3459805108997705,2.5885895514567165,3.668409833779752,3.055605399252751
W5714,6,0.3741948718268429,0.2550229596256481,0.2617743395195543,1.246571021210238,0.0,0.0,0.2553411778234451,0.0,0.2573964527417122,0.0,0.0738312528197051,0.0,0.0,0.0,0.1714732590776428,0.0,0.4327798126769114,0.2769839205347653,0.0,0.0,0.0,0.1436956491902133,0.1776074427017776,0.0,0.1833120493097604,0.0,0.2585276167560374,0.2546712494280899,0.8570532615810352,0.0,0.2491448455863133,-0.7008786840023691,-0.3475972457440688,0.317680193702443,0.3789744418060745,-0.602881323908099,0.4082206855438519,-0.2894684697851504,0.4099026438409536,0.244887593526538,-0.055512557516131,0.2390542604741706,2.768957040020644,2.808207395899089,3.437657738331068
W5720,0,0.1764705882352941,0.1764705882352941,0.1764705882352941,0.1764705882352941,0.0,0.0,0.1764705882352941,0.0,0.1764705882352941,0.1764705882352941,0.1764705882352941,0.0,0.0,0.0,0.0,0.0,0.1764705882352941,0.1764705882352941,0.0,0.1764705882352941,0.1764705882352941,0.1764705882352941,0.0,0.1764705882352941,0.0,0.1764705882352941,0.1764705882352941,0.0,0.1764705882352941,0.0,35.0,0.0,0.0,0.0,0.0,0.0,0.0,0.0,0.0,0.0,0.0,0.0,0.0,0.0,0.0
W5720,1,0.738527950878972,0.5202542933994866,0.3494033190369071,2.2424626725894914,0.0,0.0,1.6727592724397171,0.0,0.5123750103971039,0.6881335529766163,0.5918332879440377,0.0,0.0,0.0,0.0,0.0,0.978727887886653,0.9975002313839944,0.0,0.3336264719190348,0.6063342666216471,0.3452327130109781,0.0,0.392986272580182,0.0,0.2442662634240295,0.6544582200245807,0.0,0.928952734608418,0.0,1.5633704432179918,2.277376267218268,1.9614175720966869,1.853441836543724,1.0725862350856838,1.3093448508115786,0.8056525445144639,1.566663290553434,0.7820173029321431,0.2660612792891793,1.4389724982159475,0.5460989970794514,1.8482406158026523,4.856869763765908,1.1453511548811104
W5720,2,0.931211138611989,0.5428820807765519,0.4994437879697937,1.8911499596901635,0.0,0.0,1.892711368810759,0.0,0.557708769172115,0.3122654652823023,0.3712939810018273,0.0,0.0,0.0,0.0,0.0,1.3841316724388908,0.6841972997154637,0.0,0.4112886625720194,0.2891485309437015,0.3702155084995162,0.0,0.4280695089651278,0.0,0.5250757728088822,0.4375633638181578,0.0,2.0167787996672963,0.0,0.4690740661209874,0.7915311643455077,0.7135378943573466,1.568109312472891,0.0950210054070709,0.7098636535867877,0.649887768877613,1.1435270276384486,0.3519264325758707,-0.1544890556030408,-0.3023690080255974,1.0812775266318668,2.2972320632923875,3.105088467381935,2.8675078724732765
W5720,3,0.6055763893439986,0.37499010907304,0.4752522304207754,1.4586381227804357,0.0,0.0,1.5194440918167442,0.0,0.8366056317270965,0.4202059868366131,0.2432876793543311,0.0,0.0,0.0,0.0,0.0,1.146146337826181,0.6564294600174928,0.0,0.4053325059416712,0.4950382373460673,0.5441829686830177,0.0,0.1827763291987559,0.0,0.4138466849184504,0.5339042458403329,0.0,1.6017310152801276,0.0,0.9304696016582324,0.3531696913544781,0.6062486661730881,0.6686210441847892,0.9179901095981392,0.413832553702134,0.806927969173552,0.1593634212704923,0.349114799289803,0.9265367990838608,0.1354297952070159,-0.1030553371123982,2.514945193842427,3.8507691212119344,3.770808943259449
W5720,4,0.8368741544625755,0.1513902756458033,0.5631118500570073,0.734604783351935,0.0,0.0,1.1636506827905455,0.0,0.6318100458433137,0.2278896258716271,0.1820857474753117,0.0,0.0,0.0,0.0,0.0,1.3789559660300728,0.169476346294191,0.0,0.2624425318546042,0.3099244840342327,0.406320786181148,0.0,0.2213449360679702,0.0,0.3474361397861806,0.4407752202769629,0.0,1.4489071203063555,0.0,0.1632171633500305,1.0113372694224991,0.1228987382724238,0.6873094771662284,-0.2007293834541269,0.7214146137052486,0.2518817281956592,-0.5349354038054583,-0.4713415381535786,-0.136106231167698,-0.343353911877148,-0.1471672513925076,1.96365283604068,2.989856066278404,2.395337592682291
W5720,5,0.5682867840842736,0.3510551851869068,0.4932281817925416,1.1386393181058816,0.0,0.0,0.9017419221281472,0.0,0.3490929918117784,0.2655929260244664,0.1282098048962873,0.0,0.0,0.0,0.0,0.0,0.4918987948929628,0.6316477437292141,0.0,0.289454661060105,0.1186532097920617,0.22484931971595,0.0,0.3795626339590113,0.0,0.2796253666674956,0.2174766145891651,0.0,0.5940568829380881,0.0,-0.3162446513957596,0.5632705491944017,0.1304610112855515,0.3246546701962356,1.353844970052587,0.0933632864155916,0.2452873774592024,0.589394817994876,0.0740408833333855,0.4052296557360628,-0.0124085866980633,0.0583790222114692,2.637353083679106,4.176487470311857,3.11301864015576
W5720,6,0.3535133254602649,0.183959158640009,0.2748253330381491,0.6587160792911124,0.0,0.0,0.7363469156366808,0.0,0.3117626895086245,0.2294657316204796,0.1695762067944493,0.0,0.0,0.0,0.0,0.0,0.847947633185057,0.4285702696075638,0.0,0.2126375483854747,0.1419367306226354,0.1771871119683909,0.0,0.1345543485199731,0.0,0.2331696620748866,0.2789313532455558,0.0,1.0849850712231577,0.0,-0.3043495416506183,0.0844607544714803,-0.4601009327747889,0.3127780391695502,0.5426901336721149,0.1389862668297571,-0.2935520248725739,0.1219228586976096,0.2375894357602768,0.468144470597387,-0.013309346564354,0.2554778528349087,1.8580032325836844,3.014365268864797,3.744609868365276
W5826,0,0.1764705882352941,0.1764705882352941,0.1764705882352941,0.1764705882352941,0.1764705882352941,0.0,0.0,0.0,0.1764705882352941,0.0,0.0,0.1764705882352941,0.0,0.1764705882352941,0.1764705882352941,0.1764705882352941,0.1764705882352941,0.1764705882352941,0.0,0.0,0.1764705882352941,0.1764705882352941,0.1764705882352941,0.0,0.0,0.0,0.1764705882352941,0.0,0.0,0.1764705882352941,35.0,0.0,0.0,0.0,0.0,0.0,0.0,0.0,0.0,0.0,0.0,0.0,0.0,0.0,0.0
W5826,1,1.2046246359885278,0.5010317384223357,0.5112427699735825,1.2802925952137905,0.792929347849327,0.0,0.0,0.0,0.6711813595613456,0.0,0.0,0.5417612264902674,0.0,0.5467477728549442,0.479255502503992,1.2742448830430104,1.7807894716669912,0.9342445114807242,0.0,0.0,0.3518644422112493,0.5183778385867621,0.910850434363309,0.0,0.0,0.0,0.3456843424471274,0.0,0.0,0.2197417885142217,0.6794217529489324,2.5349106868867914,1.7120431158556648,0.9266555946592556,0.3595295893453941,0.4617286985484655,1.5069231439417932,0.9383648487509648,0.6908785476599414,1.147207408380895,0.7742921124690156,0.7296638086328338,3.2469943469566163,1.894300146454662,1.5876320435072997
W5826,2,1.4413772063536958,0.4166427544479766,0.2210060118400496,2.199530148819013,1.2925898107921852,0.0,0.0,0.0,0.933787299078446,0.0,0.0,0.5983681986994767,0.0,0.3783258459181702,0.3688816040446518,0.3351929489262008,1.5818693445364496,0.6259683571656305,0.0,0.0,0.651811976435578,0.6243102170608927,0.5156411274934567,0.0,0.0,0.0,0.9157134824993526,0.0,0.0,0.2609379710203791,0.1580002706192404,2.509053450468355,0.7886504391725139,2.293416630653404,1.7621954201157213,1.1658357667661117,1.1427124922496668,1.6959166227733808,0.165152035676289,0.4777505952866366,0.5140338287456369,1.1006155239201745,3.1637289042828387,3.629750406136365,2.4683188270642398
W5826,3,1.0382283794634002,0.4071042139197249,0.6769138475659557,1.6150231750137476,0.8714374209613678,0.0,0.0,0.0,0.8081848520390132,0.0,0.0,0.4961126664476257,0.0,0.2182922327035368,0.2727768069389799,0.9105342472342366,1.27634787582142,0.8668631154991316,0.0,0.0,0.4627982223745967,0.4929519360915821,0.5033211374933126,0.0,0.0,0.0,0.4982025105681208,0.0,0.0,0.2685784729599779,-0.1944904985097964,1.3987704117274404,0.6483281605409648,0.6475189918593494,0.5837025506698592,1.289943074663902,-0.0660433860456526,0.9616889932960542,0.4398112601101644,0.5177358065122261,0.5247378908522085,0.3448434348533108,2.914539403617372,1.723733553901038,4.281162814856015
W5826,4,0.7267910208053888,0.4665357661453998,0.3842508195462227,0.9909899305051438,0.6257549116320641,0.0,0.0,0.0,0.6629199005278815,0.0,0.0,0.3517549136727538,0.0,0.3214953717337204,0.1464999098002854,0.7897585460762666,0.8987578373670272,0.6394531228380609,0.0,0.0,0.1741982214620383,0.2480872367481379,0.7205444024453382,0.0,0.0,0.0,0.5844974467989903,0.0,0.0,0.5283371697731851,0.070790933860025,0.5860648959677182,0.4252495281399129,0.6004856326129575,0.1814815475594442,0.994431002707652,0.3512382383953973,0.3171386219033638,0.2711291154373207,0.1783952270030282,-0.618745060634538,0.5059632293699851,4.824878015570466,2.224139803769296,4.026203702334925
W5826,5,0.7898451747759254,0.1968753098169619,0.2607034941657686,0.5512927050568647,0.755273600877051,0.0,0.0,0.0,0.3538591387484527,0.0,0.0,0.1770462406710223,0.0,0.2529446011541296,0.2266919502265164,0.6142394027917527,1.218350516290465,0.4785529050027653,0.0,0.0,0.1375680133546075,0.2074445204478882,0.5026694549472417,0.0,0.0,0.0,0.3277738740657308,0.0,0.0,0.2037944694913376,0.3497068241879088,0.327213100960302,0.5186321775606492,-0.4377239161996392,0.7226383432460755,-0.2737006905365629,1.190021272985634,-0.1142837025947823,0.308098823751593,0.0057857374212311,0.5542948684625015,-0.1901182155162083,2.4677148490835155,3.1278284066123927,3.6666993151506535
W5826,6,0.7366533419114039,0.2075503408600783,0.3972813620304862,0.8248075783927674,0.466813867246183,0.0,0.0,0.0,0.2003979292056096,0.0,0.0,0.1968627360308961,0.0,0.1639604952159459,0.1948257337031594,0.3222071449978039,0.9372794720128866,0.4857003492120078,0.0,0.0,0.3511591515751716,0.238510079086587,0.4838876463407559,0.0,0.0,0.0,0.3626708413297954,0.0,0.0,0.2496977742021508,-0.4120961524771692,0.0668830258147466,0.7352543670216765,-0.2800931846039984,-0.0167860811916024,0.020305806141852,0.3050125995102579,0.7061759668407422,-0.0105705179040565,-0.447437230426201,0.0479155965377344,0.4225737357035,2.858195785018508,2.461485579500536,4.0633098862280175
